1         0.000000 0.000000 0.000000
2         4.516379 0.000000 0.000000
3         0.000000 4.619684 0.000000
4         3.737562 3.705138 0.000000
5         5.695892 2.470092 0.000000
6         3.141438 7.321542 0.000000
7         8.833735 3.705138 0.000000
8         0.000000 10.066137 0.000000
9         10.192346 0.000000 0.000000
10         7.475125 7.410276 0.000000
11         2.809592 11.028918 0.000000
12         6.018598 9.932429 0.000000
13         10.358290 6.680363 0.000000
14         11.997290 4.587858 0.000000
15         9.042647 9.169375 0.000000
16         2.634804 13.270728 0.000000
17         7.901225 11.379334 0.000000
18         1.514835 14.136597 0.000000
19         5.336008 13.277158 0.000000
20         12.819837 7.105112 0.000000
21         11.559487 9.259080 0.000000
22         3.919006 14.769511 0.000000
23         7.215328 13.580234 0.000000
24         10.592068 11.396295 0.000000
25         15.310637 3.022086 0.000000
26         14.879101 4.970952 0.000000
27         9.328327 12.835296 0.000000
28         6.202299 14.714046 0.000000
29         7.078941 14.485460 0.000000
30         0.000000 16.408043 0.000000
31         8.569800 14.173266 0.000000
32         14.872034 7.343943 0.000000
33         2.568404 16.468889 0.000000
34         0.856135 16.740635 0.000000
35         10.103201 13.451736 0.000000
36         5.136807 16.061269 0.000000
37         7.819196 15.162100 0.000000
38         10.996204 13.065713 0.000000
39         14.234192 9.493491 0.000000
40         17.189175 0.000000 0.000000
41         9.985071 14.454199 0.000000
42         13.266772 11.630706 0.000000
43         7.245137 16.251382 0.000000
44         17.908063 1.550438 0.000000
45         9.231991 15.455224 0.000000
46         12.437698 13.129034 0.000000
47         6.003099 17.498156 0.000000
48         17.919123 4.651315 0.000000
49         3.946049 18.140342 0.000000
50         11.400341 14.735132 0.000000
51         8.854555 16.527975 0.000000
52         17.922261 5.756506 0.000000
53         10.807122 15.699987 0.000000
54         7.719703 17.438553 0.000000
55         6.792338 17.907495 0.000000
56         17.555004 7.806217 0.000000
57         16.701399 9.841461 0.000000
58         4.937607 18.845380 0.000000
59         1.641480 19.520558 0.000000
60         12.841834 14.798453 0.000000
61         10.355807 16.764128 0.000000
62         15.941476 11.865118 0.000000
63         14.797084 13.332666 0.000000
64         9.164031 17.685819 0.000000
65         12.240351 15.845465 0.000000
66         6.742241 19.289207 0.000000
67         14.283327 14.861774 0.000000
68         11.835722 16.934072 0.000000
69         10.469425 17.884579 0.000000
70         13.500768 15.952644 0.000000
71         8.164798 19.309526 0.000000
72         16.525834 13.474738 0.000000
73         3.141380 21.185829 0.000000
74         9.504347 19.274049 0.000000
75         13.089981 17.056003 0.000000
76         17.798101 12.080615 0.000000
77         19.074924 10.201016 0.000000
78         15.644189 14.942676 0.000000
79         11.883209 18.080619 0.000000
80         21.198871 5.196507 0.000000
81         14.812501 16.086424 0.000000
82         21.765921 2.325658 0.000000
83         10.808782 19.268496 0.000000
84         20.631821 8.067356 0.000000
85         14.249810 17.132812 0.000000
86         13.123681 18.230496 0.000000
87         4.949464 22.061726 0.000000
88         12.104008 19.273327 0.000000
89         15.934591 16.457855 0.000000
90         16.923834 15.455765 0.000000
91         18.134688 14.244553 0.000000
92         15.285677 17.275326 0.000000
93         6.768315 22.052407 0.000000
94         14.297868 18.293605 0.000000
95         9.834498 21.042689 0.000000
96         8.584808 21.618176 0.000000
97         19.554056 12.721253 0.000000
98         11.157347 20.642031 0.000000
99         13.353955 19.488494 0.000000
100         21.110111 10.699291 0.000000
101         0.000000 23.686880 0.000000
102         16.768998 17.364973 0.000000
103         15.724870 18.324126 0.000000
104         12.484152 20.700212 0.000000
105         18.042171 16.490812 0.000000
106         14.890879 19.567041 0.000000
107         11.456678 21.767060 0.000000
108         24.457439 3.753190 0.000000
109         19.503768 15.434452 0.000000
110         23.411004 8.507255 0.000000
111         10.421551 22.706883 0.000000
112         13.702514 20.893093 0.000000
113         2.395100 25.041211 0.000000
114         12.362855 22.028394 0.000000
115         20.804118 14.449294 0.000000
116         16.293332 19.401082 0.000000
117         22.097537 12.678192 0.000000
118         25.612719 0.000000 0.000000
119         17.608860 18.701176 0.000000
120         23.728614 10.331907 0.000000
121         18.972084 17.708058 0.000000
122         15.265763 21.047734 0.000000
123         8.981907 24.403917 0.000000
124         11.654819 23.282615 0.000000
125         6.796745 25.240519 0.000000
126         13.676230 22.360666 0.000000
127         4.950553 26.163294 0.000000
128         16.948720 21.011987 0.000000
129         20.726395 17.371774 0.000000
130         19.539399 18.823890 0.000000
131         18.266553 20.086083 0.000000
132         13.157433 23.793371 0.000000
133         10.868880 25.131094 0.000000
134         15.482120 22.727807 0.000000
135         20.534475 18.416336 0.000000
136         23.294682 15.073736 0.000000
137         24.225940 13.535703 0.000000
138         22.061112 16.963277 0.000000
139         14.782849 24.194547 0.000000
140         12.571982 25.585687 0.000000
141         21.337632 19.053342 0.000000
142         27.127035 9.684532 0.000000
143         20.297477 20.518612 0.000000
144         8.493547 27.784267 0.000000
145         19.089125 21.954793 0.000000
146         2.161046 29.048539 0.000000
147         17.679482 23.304508 0.000000
148         6.569423 28.610824 0.000000
149         10.352916 27.477454 0.000000
150         14.114049 25.849844 0.000000
151         26.754778 12.572723 0.000000
152         16.406578 24.681939 0.000000
153         25.779678 14.886192 0.000000
154         29.096717 6.671011 0.000000
155         24.775419 16.811049 0.000000
156         12.147564 27.568440 0.000000
157         15.133674 26.059370 0.000000
158         23.691812 19.048543 0.000000
159         22.653940 20.570268 0.000000
160         4.636322 30.286746 0.000000
161         21.475970 22.318104 0.000000
162         30.796991 3.612967 0.000000
163         14.053796 27.785070 0.000000
164         20.112987 23.909968 0.000000
165         18.865466 25.463068 0.000000
166         29.354487 11.988013 0.000000
167         28.529500 13.955861 0.000000
168         27.456486 16.100498 0.000000
169         26.335502 18.235727 0.000000
170         17.592562 26.840499 0.000000
171         10.159524 30.495620 0.000000
172         8.220104 31.133274 0.000000
173         25.128385 20.187778 0.000000
174         15.857980 28.112306 0.000000
175         12.148959 30.128618 0.000000
176         24.110345 21.861084 0.000000
177         14.198374 29.670015 0.000000
178         0.000000 33.151799 0.000000
179         6.255193 32.734276 0.000000
180         32.122882 8.911828 0.000000
181         22.988599 24.343177 0.000000
182         21.273607 25.979589 0.000000
183         33.633012 0.000000 0.000000
184         33.587250 1.945214 0.000000
185         29.260487 17.251629 0.000000
186         28.102157 19.178811 0.000000
187         26.959252 20.832682 0.000000
188         30.572056 15.144062 0.000000
189         20.051449 27.621629 0.000000
190         25.819578 22.412721 0.000000
191         18.316868 28.893436 0.000000
192         4.941374 34.050508 0.000000
193         16.582286 30.165242 0.000000
194         6.575632 33.805829 0.000000
195         31.972669 13.085571 0.000000
196         7.979917 33.621742 0.000000
197         9.916117 33.243136 0.000000
198         22.156080 27.142730 0.000000
199         12.109341 32.945098 0.000000
200         25.214788 24.502161 0.000000
201         34.891276 5.835643 0.000000
202         14.250338 32.606365 0.000000
203         5.769302 35.179566 0.000000
204         34.035902 10.630861 0.000000
205         21.595383 28.496651 0.000000
206         23.599250 26.951951 0.000000
207         28.786887 21.551420 0.000000
208         20.294145 29.739981 0.000000
209         29.955245 19.989578 0.000000
210         27.798168 23.006263 0.000000
211         18.559563 31.011788 0.000000
212         31.247945 18.274658 0.000000
213         16.518670 32.298767 0.000000
214         32.525568 16.283186 0.000000
215         27.171344 24.418744 0.000000
216         36.498217 3.460282 0.000000
217         7.216512 35.948934 0.000000
218         17.895915 32.222839 0.000000
219         25.372463 26.839631 0.000000
220         36.032325 8.255869 0.000000
221         34.190321 14.320453 0.000000
222         9.453338 36.119142 0.000000
223         29.372716 23.468392 0.000000
224         30.421306 22.121429 0.000000
225         31.499913 20.686136 0.000000
226         28.608613 24.570725 0.000000
227         37.256589 6.060272 0.000000
228         27.354679 26.062318 0.000000
229         12.121948 35.802273 0.000000
230         22.213495 30.668643 0.000000
231         20.536841 31.858334 0.000000
232         23.890150 29.478952 0.000000
233         32.830823 19.041417 0.000000
234         36.015732 12.270176 0.000000
235         3.104679 38.001443 0.000000
236         18.609511 33.357962 0.000000
237         28.523034 25.533086 0.000000
238         14.186173 35.573470 0.000000
239         34.259167 17.279652 0.000000
240         26.121013 28.468381 0.000000
241         17.334457 34.817218 0.000000
242         30.662777 24.175150 0.000000
243         31.709844 22.924020 0.000000
244         29.924750 25.226052 0.000000
245         37.788723 10.202091 0.000000
246         35.988110 15.502883 0.000000
247         6.999417 38.625177 0.000000
248         32.792280 21.592119 0.000000
249         29.357163 26.199474 0.000000
250         23.957196 31.341443 0.000000
251         28.351876 27.457809 0.000000
252         22.510426 32.448535 0.000000
253         25.382771 30.327176 0.000000
254         34.206422 20.002557 0.000000
255         4.816140 39.364224 0.000000
256         21.019596 33.878677 0.000000
257         39.148647 7.898820 0.000000
258         27.099171 29.417376 0.000000
259         39.939828 3.142450 0.000000
260         35.692167 18.291122 0.000000
261         40.257755 0.000000 0.000000
262         9.983334 39.040878 0.000000
263         31.497340 25.137783 0.000000
264         30.773370 26.096554 0.000000
265         32.468701 24.043991 0.000000
266         37.978610 13.897576 0.000000
267         30.214994 27.009532 0.000000
268         28.775563 28.669249 0.000000
269         33.607193 22.859319 0.000000
270         19.942399 35.469558 0.000000
271         29.670383 27.859130 0.000000
272         14.690702 37.998245 0.000000
273         40.449484 5.896916 0.000000
274         37.394324 16.574739 0.000000
275         25.596291 31.920233 0.000000
276         24.281899 32.996572 0.000000
277         26.778615 31.031304 0.000000
278         13.222099 38.797323 0.000000
279         29.520656 28.465914 0.000000
280         35.101636 21.380581 0.000000
281         28.110841 30.202940 0.000000
282         17.463720 37.392328 0.000000
283         23.148651 34.303625 0.000000
284         32.062881 26.246655 0.000000
285         31.456397 27.012851 0.000000
286         39.690665 12.156711 0.000000
287         36.587089 19.671300 0.000000
288         32.930349 25.329525 0.000000
289         31.040800 27.810952 0.000000
290         29.616085 29.436668 0.000000
291         30.045842 29.010051 0.000000
292         30.594008 28.503264 0.000000
293         34.066154 24.420584 0.000000
294         38.180082 17.747548 0.000000
295         41.099792 9.436001 0.000000
296         26.865125 32.504127 0.000000
297         22.404949 35.750717 0.000000
298         27.937968 31.673628 0.000000
299         39.384769 15.284824 0.000000
300         25.759254 33.536850 0.000000
301         32.434456 27.191319 0.000000
302         31.856462 27.894897 0.000000
303         28.949493 30.926413 0.000000
304         31.399021 28.531277 0.000000
305         19.598465 37.665679 0.000000
306         30.926706 29.126582 0.000000
307         30.452619 29.634359 0.000000
308         33.241427 26.512189 0.000000
309         29.982750 30.214118 0.000000
310         24.888160 34.588536 0.000000
311         42.310343 6.486332 0.000000
312         39.410582 16.753795 0.000000
313         6.981260 42.279120 0.000000
314         35.860831 23.557499 0.000000
315         34.170567 25.954487 0.000000
316         32.200195 28.640407 0.000000
317         32.722007 28.062780 0.000000
318         18.231255 39.088171 0.000000
319         31.728215 29.237246 0.000000
320         31.261178 29.837429 0.000000
321         37.622581 21.320327 0.000000
322         27.878002 33.102757 0.000000
323         30.819284 30.411808 0.000000
324         24.287241 35.909929 0.000000
325         33.468084 27.585447 0.000000
326         30.349414 30.991568 0.000000
327         29.754027 31.612117 0.000000
328         27.001832 34.058165 0.000000
329         29.158640 32.232667 0.000000
330         43.432366 3.261350 0.000000
331         39.109013 19.283052 0.000000
332         22.382280 37.454841 0.000000
333         35.384088 25.618162 0.000000
334         26.440602 34.856398 0.000000
335         34.245632 27.269844 0.000000
336         32.494096 29.366706 0.000000
337         33.004885 28.851979 0.000000
338         32.019228 29.944271 0.000000
339         10.553203 42.561474 0.000000
340         30.158352 31.894585 0.000000
341         31.555632 30.533004 0.000000
342         31.084012 31.113719 0.000000
343         17.035499 40.548732 0.000000
344         41.566039 14.455780 0.000000
345         28.469514 33.625288 0.000000
346         30.610219 31.692758 0.000000
347         33.663272 28.496973 0.000000
348         25.582013 36.057190 0.000000
349         40.661629 17.362046 0.000000
350         30.110862 32.378914 0.000000
351         20.250999 39.357491 0.000000
352         29.380856 33.111846 0.000000
353         24.273841 37.243276 0.000000
354         32.771132 30.047957 0.000000
355         33.269420 29.562477 0.000000
356         32.298971 30.640130 0.000000
357         35.299507 27.140637 0.000000
358         27.913192 34.753678 0.000000
359         34.421484 28.333051 0.000000
360         31.834911 31.224587 0.000000
361         31.350121 31.820247 0.000000
362         43.299878 11.038994 0.000000
363         30.871024 32.393947 0.000000
364         36.466740 25.941140 0.000000
365         33.867650 29.270811 0.000000
366         30.255431 32.994458 0.000000
367         29.639838 33.594969 0.000000
368         44.259733 7.351061 0.000000
369         27.054604 35.954470 0.000000
370         37.377804 25.102220 0.000000
371         29.238687 34.341437 0.000000
372         38.933391 22.769456 0.000000
373         33.532808 30.191097 0.000000
374         33.128815 30.678565 0.000000
375         32.638410 31.268863 0.000000
376         34.539598 29.177648 0.000000
377         26.024527 36.990216 0.000000
378         35.237436 28.387739 0.000000
379         32.135096 31.904762 0.000000
380         34.046293 29.882494 0.000000
381         16.092412 42.347898 0.000000
382         31.610537 32.548737 0.000000
383         31.108487 33.103382 0.000000
384         30.492894 33.703893 0.000000
385         40.540406 20.750871 0.000000
386         23.251866 39.159691 0.000000
387         28.733389 35.391974 0.000000
388         36.705503 27.054025 0.000000
389         45.608594 0.000000 0.000000
390         34.223765 30.339283 0.000000
391         33.938471 30.698519 0.000000
392         34.689607 29.853683 0.000000
393         3.391161 45.650710 0.000000
394         35.221283 29.278278 0.000000
395         33.572912 31.206343 0.000000
396         33.058921 31.827307 0.000000
397         30.121818 34.731715 0.000000
398         32.526584 32.509541 0.000000
399         19.922410 41.516421 0.000000
400         31.949998 33.180364 0.000000
401         31.345949 33.812817 0.000000
402         27.994643 36.740242 0.000000
403         25.148209 38.750228 0.000000
404         34.831527 30.438455 0.000000
405         36.567063 28.350807 0.000000
406         46.148122 3.830380 0.000000
407         35.396457 29.955722 0.000000
408         34.601253 31.002872 0.000000
409         29.789486 35.727090 0.000000
410         34.233605 31.596294 0.000000
411         42.560881 18.955557 0.000000
412         31.113059 34.720175 0.000000
413         36.118754 29.493831 0.000000
414         33.732682 32.216520 0.000000
415         35.982407 29.836636 0.000000
416         33.252042 32.853733 0.000000
417         32.684350 33.513820 0.000000
418         32.073150 34.171690 0.000000
419         27.044551 38.340764 0.000000
420         38.913532 26.276645 0.000000
421         35.709713 30.522248 0.000000
422         31.683744 34.709721 0.000000
423         41.591042 22.006404 0.000000
424         23.086121 41.054696 0.000000
425         29.234322 37.077551 0.000000
426         40.685035 23.984130 0.000000
427         35.457070 31.213604 0.000000
428         31.068416 35.707119 0.000000
429         31.852641 35.158173 0.000000
430         36.580336 30.251424 0.000000
431         38.238106 28.165216 0.000000
432         35.204427 31.904960 0.000000
433         34.650411 32.547777 0.000000
434         34.069307 33.172216 0.000000
435         33.462208 33.849493 0.000000
436         32.763811 34.560146 0.000000
437         20.255655 43.103845 0.000000
438         37.396193 29.527632 0.000000
439         28.493001 38.322059 0.000000
440         44.869642 16.405188 0.000000
441         47.087346 8.604200 0.000000
442         25.548537 40.586646 0.000000
443         46.314216 12.636264 0.000000
444         47.790030 5.299670 0.000000
445         36.236553 31.641812 0.000000
446         30.593036 37.233256 0.000000
447         13.446517 46.280737 0.000000
448         36.804174 31.427659 0.000000
449         27.407822 39.903325 0.000000
450         34.929831 33.532505 0.000000
451         34.333814 34.150331 0.000000
452         36.212138 32.209870 0.000000
453         35.573403 32.930839 0.000000
454         28.506050 39.332502 0.000000
455         29.941451 38.303354 0.000000
456         33.776367 35.019999 0.000000
457         37.474913 31.048347 0.000000
458         38.813355 29.961829 0.000000
459         44.180023 21.306871 0.000000
460         23.278202 43.286131 0.000000
461         33.475663 35.997937 0.000000
462         40.075634 28.505781 0.000000
463         35.130666 34.472433 0.000000
464         32.724074 36.771600 0.000000
465         41.563184 26.437297 0.000000
466         35.704149 34.012994 0.000000
467         43.110472 23.991099 0.000000
468         34.659125 35.322499 0.000000
469         36.501234 33.433204 0.000000
470         29.581484 40.006053 0.000000
471         37.795517 32.498229 0.000000
472         35.570849 34.926958 0.000000
473         32.267938 38.072851 0.000000
474         26.373344 42.404816 0.000000
475         50.000000 0.000000 0.000000
476         0.000000 50.000000 0.000000
477         34.436351 36.383235 0.000000
478         19.926805 45.973391 0.000000
479         36.057113 34.826214 0.000000
480         35.346434 35.548437 0.000000
481         50.000000 4.312553 0.000000
482         21.729596 45.264930 0.000000
483         28.532148 41.353389 0.000000
484         39.001440 31.865327 0.000000
485         36.910043 34.324183 0.000000
486         31.828059 39.426278 0.000000
487         40.306679 30.765556 0.000000
488         34.224261 37.536346 0.000000
489         50.000000 9.138510 0.000000
490         36.197045 35.788159 0.000000
491         35.386355 36.676157 0.000000
492         41.965964 28.957516 0.000000
493         37.886809 34.334938 0.000000
494         36.947477 35.466398 0.000000
495         43.685481 26.891044 0.000000
496         33.926585 38.860270 0.000000
497         37.666162 35.268758 0.000000
498         31.346289 41.034966 0.000000
499         36.346673 36.844746 0.000000
500         35.461708 37.991025 0.000000
501         46.013648 24.236098 0.000000
502         50.000000 14.496674 0.000000
503         39.487576 34.107197 0.000000
504         30.056241 42.661662 0.000000
505         37.318106 36.553403 0.000000
506         40.428651 33.149177 0.000000
507         38.241751 36.043899 0.000000
508         28.134488 44.393100 0.000000
509         25.179119 46.179535 0.000000
510         33.723817 40.428595 0.000000
511         42.224065 31.491975 0.000000
512         39.175514 35.248582 0.000000
513         36.605912 38.120456 0.000000
514         43.783511 29.665627 0.000000
515         35.458291 39.440043 0.000000
516         45.354351 27.628577 0.000000
517         18.460315 50.000000 0.000000
518         46.791020 25.583563 0.000000
519         37.754015 37.731983 0.000000
520         33.119120 42.035629 0.000000
521         38.903649 37.090276 0.000000
522         40.550622 35.532798 0.000000
523         39.900115 36.318047 0.000000
524         50.000000 20.394068 0.000000
525         36.903897 39.619086 0.000000
526         35.396504 41.111087 0.000000
527         32.212040 43.865195 0.000000
528         42.536059 33.986685 0.000000
529         48.159497 25.551862 0.000000
530         38.284821 39.149219 0.000000
531         45.589665 30.584441 0.000000
532         46.885226 28.597915 0.000000
533         44.364868 32.385481 0.000000
534         39.718715 38.267177 0.000000
535         35.137346 42.809083 0.000000
536         41.067100 37.385954 0.000000
537         30.808693 46.228420 0.000000
538         37.266564 41.766627 0.000000
539         42.396496 36.553701 0.000000
540         48.961742 27.631900 0.000000
541         39.076185 40.432211 0.000000
542         34.786156 44.485760 0.000000
543         46.981262 31.401892 0.000000
544         40.635542 39.471807 0.000000
545         50.000000 26.823005 0.000000
546         44.800094 34.879282 0.000000
547         36.930133 43.287614 0.000000
548         48.207068 30.383894 0.000000
549         42.341989 38.535392 0.000000
550         36.427979 44.458840 0.000000
551         28.438694 50.000000 0.000000
552         40.117812 41.341193 0.000000
553         34.178671 46.457146 0.000000
554         47.147052 33.237341 0.000000
555         44.242371 37.574604 0.000000
556         41.491353 40.875312 0.000000
557         39.901074 42.493227 0.000000
558         38.786385 43.935201 0.000000
559         37.197182 45.371262 0.000000
560         47.121185 35.739160 0.000000
561         43.417021 40.246075 0.000000
562         35.354477 48.017706 0.000000
563         41.907334 42.725712 0.000000
564         45.336922 39.210186 0.000000
565         47.070462 37.833490 0.000000
566         50.000000 33.903717 0.000000
567         41.091587 44.543527 0.000000
568         39.395691 46.633862 0.000000
569         44.497821 42.363409 0.000000
570         48.214650 38.654976 0.000000
571         46.613931 41.187061 0.000000
572         39.404851 48.979815 0.000000
573         44.227949 44.839521 0.000000
574         38.966139 50.000000 0.000000
575         49.174208 41.695637 0.000000
576         43.439765 47.737323 0.000000
577         47.504022 44.430555 0.000000
578         50.000000 41.650410 0.000000
579         50.000000 50.000000 0.000000