1        498 470 455 486
2        498 486 510 520
3        498 520 527 504
4        498 504 483 470
5        535 520 510 526
6        535 526 538 547
7        535 547 550 542
8        535 542 527 520
9        330 389 475 406
10        330 406 368 311
11        330 311 273 259
12        330 259 261 389
13        6 3 1 4
14        6 4 10 12
15        6 12 19 11
16        6 11 8 3
17        443 502 524 440
18        443 440 344 362
19        443 362 368 441
20        443 441 489 502
21        411 440 524 459
22        411 459 423 385
23        411 385 331 349
24        411 349 344 440
25        467 459 524 501
26        467 501 495 465
27        467 465 420 426
28        467 426 423 459
29        546 554 566 560
30        546 560 555 539
31        546 539 522 528
32        546 528 533 554
33        514 516 532 531
34        514 531 533 511
35        514 511 487 492
36        514 492 495 516
37        506 511 533 528
38        506 528 522 503
39        506 503 471 484
40        506 484 487 511
41        462 465 495 492
42        462 492 487 458
43        462 458 438 431
44        462 431 420 465
45        457 458 487 484
46        457 484 471 448
47        457 448 421 430
48        457 430 438 458
49        453 452 471 469
50        453 469 466 450
51        453 450 434 433
52        453 433 432 452
53        485 469 471 493
54        485 493 497 494
55        485 494 490 479
56        485 479 466 469
57        451 450 466 463
58        451 463 468 456
59        451 456 436 435
60        451 435 434 450
61        414 410 432 433
62        414 433 434 416
63        414 416 398 396
64        414 396 395 410
65        491 477 468 480
66        491 480 490 499
67        491 499 513 500
68        491 500 488 477
69        417 416 434 435
70        417 435 436 418
71        417 418 401 400
72        417 400 398 416
73        375 396 398 379
74        375 379 360 356
75        375 356 354 374
76        375 374 395 396
77        382 361 360 379
78        382 379 398 400
79        382 400 401 383
80        382 383 363 361
81        366 383 401 384
82        366 384 367 352
83        366 352 329 350
84        366 350 363 383
85        342 361 363 346
86        342 346 326 323
87        342 323 320 341
88        342 341 360 361
89        307 323 326 309
90        307 309 290 291
91        307 291 292 306
92        307 306 320 323
93        338 356 360 341
94        338 341 320 319
95        338 319 316 336
96        338 336 354 356
97        304 319 320 306
98        304 306 292 289
99        304 289 285 302
100        304 302 316 319
101        337 355 354 336
102        337 336 316 317
103        337 317 325 347
104        337 347 365 355
105        373 355 365 380
106        373 380 390 391
107        373 391 395 374
108        373 374 354 355
109        301 317 316 302
110        301 302 285 284
111        301 284 288 308
112        301 308 325 317
113        359 347 325 335
114        359 335 357 378
115        359 378 394 376
116        359 376 365 347
117        392 380 365 376
118        392 376 394 407
119        392 407 421 404
120        392 404 390 380
121        408 410 395 391
122        408 391 390 404
123        408 404 421 427
124        408 427 432 410
125        405 413 394 378
126        405 378 357 388
127        405 388 420 431
128        405 431 438 413
129        267 289 292 271
130        267 271 251 249
131        267 249 244 264
132        267 264 285 289
133        315 335 325 308
134        315 308 288 293
135        315 293 314 333
136        315 333 357 335
137        303 309 326 327
138        303 327 329 298
139        303 298 277 281
140        303 281 290 309
141        397 384 401 412
142        397 412 428 409
143        397 409 387 371
144        397 371 367 384
145        345 322 329 352
146        345 352 367 371
147        345 371 387 358
148        345 358 328 322
149        461 464 428 429
150        461 429 436 456
151        461 456 468 477
152        461 477 488 464
153        263 284 285 264
154        263 264 244 242
155        263 242 243 265
156        263 265 288 284
157        505 494 497 507
158        505 507 521 519
159        505 519 513 499
160        505 499 490 494
161        296 298 329 322
162        296 322 328 300
163        296 300 276 275
164        296 275 277 298
165        258 268 290 281
166        258 281 277 253
167        258 253 232 240
168        258 240 251 268
169        369 334 328 358
170        369 358 387 402
171        369 402 419 377
172        369 377 348 334
173        425 409 428 446
174        425 446 455 439
175        425 439 419 402
176        425 402 387 409
177        536 534 521 523
178        536 523 522 539
179        536 539 555 549
180        536 549 544 534
181        530 519 521 534
182        530 534 544 541
183        530 541 538 525
184        530 525 513 519
185        515 496 488 500
186        515 500 513 525
187        515 525 538 526
188        515 526 510 496
189        473 446 428 464
190        473 464 488 496
191        473 496 510 486
192        473 486 455 446
193        310 300 328 334
194        310 334 348 324
195        310 324 297 283
196        310 283 276 300
197        250 253 277 275
198        250 275 276 252
199        250 252 231 230
200        250 230 232 253
201        353 377 419 403
202        353 403 386 332
203        353 332 297 324
204        353 324 348 377
205        223 224 243 242
206        223 242 244 226
207        223 226 215 210
208        223 210 207 224
209        269 293 288 265
210        269 265 243 248
211        269 248 254 280
212        269 280 314 293
213        442 403 419 449
214        442 449 483 474
215        442 474 460 424
216        442 424 386 403
217        190 187 207 210
218        190 210 215 200
219        190 200 181 176
220        190 176 173 187
221        225 224 207 209
222        225 209 212 233
223        225 233 254 248
224        225 248 243 224
225        219 228 251 240
226        219 240 232 206
227        219 206 181 200
228        219 200 215 228
229        305 332 386 351
230        305 351 318 282
231        305 282 241 270
232        305 270 297 332
233        256 252 276 283
234        256 283 297 270
235        256 270 241 236
236        256 236 231 252
237        208 205 232 230
238        208 230 231 211
239        208 211 193 191
240        208 191 189 205
241        186 209 207 187
242        186 187 173 169
243        186 169 168 185
244        186 185 212 209
245        372 426 420 370
246        372 370 314 321
247        372 321 331 385
248        372 385 423 426
249        239 233 212 214
250        239 214 221 246
251        239 246 274 260
252        239 260 254 233
253        164 182 189 165
254        164 165 147 145
255        164 145 143 161
256        164 161 181 182
257        170 152 147 165
258        170 165 189 191
259        170 191 193 174
260        170 174 157 152
261        159 176 181 161
262        159 161 143 141
263        159 141 138 158
264        159 158 173 176
265        266 246 221 234
266        266 234 245 286
267        266 286 344 299
268        266 299 274 246
269        131 145 147 128
270        131 128 116 119
271        131 119 121 130
272        131 130 143 145
273        122 128 147 134
274        122 134 126 112
275        122 112 99 106
276        122 106 116 128
277        139 134 147 152
278        139 152 157 150
279        139 150 140 132
280        139 132 126 134
281        104 112 126 114
282        104 114 107 98
283        104 98 83 88
284        104 88 99 112
285        94 103 116 106
286        94 106 99 86
287        94 86 75 85
288        94 85 92 103
289        79 86 99 88
290        79 88 83 69
291        79 69 61 68
292        79 68 75 86
293        64 69 83 74
294        64 74 71 54
295        64 54 43 51
296        64 51 61 69
297        95 74 83 98
298        95 98 107 111
299        95 111 123 96
300        95 96 71 74
301        65 68 61 53
302        65 53 50 60
303        65 60 67 70
304        65 70 75 68
305        45 41 50 53
306        45 53 61 51
307        45 51 43 37
308        45 37 31 41
309        81 85 75 70
310        81 70 67 78
311        81 78 90 89
312        81 89 92 85
313        72 78 67 63
314        72 63 62 76
315        72 76 97 91
316        72 91 90 78
317        102 103 92 89
318        102 89 90 105
319        102 105 121 119
320        102 119 116 103
321        46 60 50 38
322        46 38 24 42
323        46 42 62 63
324        46 63 67 60
325        124 114 126 132
326        124 132 140 133
327        124 133 123 111
328        124 111 107 114
329        163 156 140 150
330        163 150 157 174
331        163 174 193 177
332        163 177 175 156
333        36 28 43 47
334        36 47 58 49
335        36 49 33 22
336        36 22 19 28
337        17 27 31 23
338        17 23 19 12
339        17 12 10 15
340        17 15 24 27
341        93 66 71 96
342        93 96 123 125
343        93 125 127 87
344        93 87 58 66
345        149 133 140 156
346        149 156 175 171
347        149 171 172 144
348        149 144 123 133
349        109 105 90 91
350        109 91 97 115
351        109 115 138 129
352        109 129 121 105
353        155 169 173 158
354        155 158 138 136
355        155 136 137 153
356        155 153 168 169
357        77 76 62 57
358        77 57 56 84
359        77 84 110 100
360        77 100 97 76
361        202 177 193 213
362        202 213 241 238
363        202 238 229 199
364        202 199 175 177
365        561 556 544 549
366        561 549 555 564
367        561 564 571 569
368        561 569 563 556
369        188 185 168 167
370        188 167 166 195
371        188 195 221 214
372        188 214 212 185
373        558 547 538 557
374        558 557 563 567
375        558 567 568 559
376        558 559 550 547
377        39 32 56 57
378        39 57 62 42
379        39 42 24 21
380        39 21 20 32
381        80 82 118 108
382        80 108 110 84
383        80 84 56 52
384        80 52 48 82
385        272 238 241 282
386        272 282 318 343
387        272 343 381 278
388        272 278 229 238
389        204 234 221 195
390        204 195 166 180
391        204 180 201 220
392        204 220 245 234
393        13 21 24 15
394        13 15 10 7
395        13 7 9 14
396        13 14 20 21
397        295 362 344 286
398        295 286 245 257
399        295 257 273 311
400        295 311 368 362
401        73 59 33 49
402        73 49 58 87
403        73 87 127 113
404        73 113 101 59
405        399 351 386 424
406        399 424 460 437
407        399 437 381 343
408        399 343 318 351
409        197 171 175 199
410        197 199 229 222
411        197 222 217 196
412        197 196 172 171
413        148 125 123 144
414        148 144 172 179
415        148 179 192 160
416        148 160 127 125
417        26 52 56 32
418        26 32 20 14
419        26 14 9 25
420        26 25 48 52
421        508 504 527 537
422        508 537 551 509
423        508 509 460 474
424        508 474 483 504
425        262 247 217 222
426        262 222 229 278
427        262 278 381 339
428        262 339 313 247
429        154 180 166 142
430        154 142 110 108
431        154 108 118 162
432        154 162 201 180
433        512 493 471 503
434        512 503 522 523
435        512 523 521 507
436        512 507 497 493
437        287 321 314 280
438        287 280 254 260
439        287 260 274 294
440        287 294 331 321
441        117 136 138 115
442        117 115 97 100
443        117 100 110 120
444        117 120 137 136
445        151 167 168 153
446        151 153 137 120
447        151 120 110 142
448        151 142 166 167
449        553 537 527 542
450        553 542 550 559
451        553 559 568 562
452        553 562 551 537
453        573 569 571 577
454        573 577 579 576
455        573 576 568 567
456        573 567 563 569
457        146 113 127 160
458        146 160 192 235
459        146 235 476 178
460        146 178 101 113
461        227 257 245 220
462        227 220 201 216
463        227 216 261 259
464        227 259 273 257
465        255 203 217 247
466        255 247 313 393
467        255 393 476 235
468        255 235 192 203
469        447 393 313 339
470        447 339 381 478
471        447 478 551 517
472        447 517 476 393
473        532 529 540 548
474        524 545 540 529
475        566 548 540 545
476        532 548 543 531
477        566 554 543 548
478        533 531 543 554
479        468 463 472 480
480        466 479 472 463
481        490 480 472 479
482        326 346 340 327
483        363 350 340 346
484        329 327 340 350
485        421 407 415 430
486        394 413 415 407
487        438 430 415 413
488        432 427 445 452
489        421 448 445 427
490        471 452 445 448
491        401 418 422 412
492        436 429 422 418
493        428 412 422 429
494        292 291 279 271
495        290 268 279 291
496        251 271 279 268
497        419 439 454 449
498        455 470 454 439
499        483 449 454 470
500        244 249 237 226
501        251 228 237 249
502        215 226 237 228
503        495 501 518 516
504        524 529 518 501
505        532 516 518 529
506        232 205 198 206
507        189 182 198 205
508        181 206 198 182
509        357 333 364 388
510        314 370 364 333
511        420 388 364 370
512        193 211 218 213
513        231 236 218 211
514        241 213 218 236
515        331 294 312 349
516        274 299 312 294
517        344 349 312 299
518        43 54 55 47
519        71 66 55 54
520        58 47 55 66
521        31 37 29 23
522        43 28 29 37
523        19 23 29 28
524        50 41 35 38
525        31 27 35 41
526        24 38 35 27
527        143 130 135 141
528        121 129 135 130
529        138 141 135 129
530        544 556 552 541
531        563 557 552 556
532        538 541 552 557
533        19 22 16 11
534        33 18 16 22
535        8 11 16 18
536        571 564 565 570
537        555 560 565 564
538        566 570 565 560
539        192 179 194 203
540        172 196 194 179
541        217 203 194 196
542        8 18 34 30
543        33 59 34 18
544        101 30 34 59
545        48 25 44 82
546        9 40 44 25
547        118 82 44 40
548        489 441 444 481
549        368 406 444 441
550        475 481 444 406
551        568 576 572 562
552        579 574 572 576
553        551 562 572 574
554        579 577 575 578
555        571 570 575 577
556        566 578 575 570
557        9 7 5 2
558        10 4 5 7
559        1 2 5 4
560        261 216 184 183
561        201 162 184 216
562        118 183 184 162
563        381 437 482 478
564        460 509 482 437
565        551 478 482 509