1        94 87 85 92
2        94 92 99 100
3        94 100 103 96
4        94 96 90 87
5        80 87 90 83
6        80 83 77 73
7        80 73 71 78
8        80 78 85 87
9        67 73 77 70
10        67 70 64 60
11        67 60 56 63
12        67 63 71 73
13        54 60 64 58
14        54 58 51 48
15        54 48 42 50
16        54 50 56 60
17        34 24 29 37
18        34 37 42 40
19        34 40 39 32
20        34 32 23 24
21        107 114 117 110
22        107 110 103 100
23        107 100 99 106
24        107 106 112 114
25        122 125 117 114
26        122 114 112 119
27        122 119 127 129
28        122 129 130 125
29        93 86 82 89
30        93 89 97 101
31        93 101 105 98
32        93 98 91 86
33        108 101 97 104
34        108 104 111 115
35        108 115 118 113
36        108 113 105 101
37        102 95 91 98
38        102 98 105 109
39        102 109 112 106
40        102 106 99 95
41        88 95 99 92
42        88 92 85 81
43        88 81 76 84
44        88 84 91 95
45        116 109 105 113
46        116 113 118 123
47        116 123 127 119
48        116 119 112 109
49        79 86 91 84
50        79 84 76 72
51        79 72 68 75
52        79 75 82 86
53        74 81 85 78
54        74 78 71 66
55        74 66 62 69
56        74 69 76 81
57        65 72 76 69
58        65 69 62 57
59        65 57 53 61
60        65 61 68 72
61        59 66 71 63
62        59 63 56 52
63        59 52 47 55
64        59 55 62 66
65        44 52 56 50
66        44 50 42 37
67        44 37 29 38
68        44 38 47 52
69        49 57 62 55
70        49 55 47 41
71        49 41 36 45
72        49 45 53 57
73        33 41 47 38
74        33 38 29 22
75        33 22 18 27
76        33 27 36 41
77        128 124 126 132
78        128 132 141 131
79        128 131 127 123
80        128 123 118 124
81        13 22 29 19
82        13 19 12 9
83        13 9 6 11
84        13 11 18 22
85        14 25 31 16
86        14 16 8 10
87        14 10 12 17
88        14 17 23 25
89        39 35 30 32
90        31 25 30 35
91        23 32 30 25
92        143 137 138 142
93        130 136 138 137
94        141 142 138 136
95        118 115 121 124
96        111 120 121 115
97        126 124 121 120
98        42 48 43 40
99        51 46 43 48
100        39 40 43 46
101        6 9 7 5
102        12 10 7 9
103        8 5 7 10
104        12 19 21 17
105        29 24 21 19
106        23 17 21 24
107        1 2 3 4
108        6 5 3 2
109        8 4 3 5
110        31 28 20 16
111        26 15 20 28
112        8 16 20 15
113        126 133 135 132
114        139 140 135 133
115        141 132 135 140
116        130 129 134 136
117        127 131 134 129
118        141 136 134 131