1         0.000000 100.000000 0.000000
2         0.000000 95.000000 0.000000
3         4.050378 96.515239 0.000000
4         6.250000 100.000000 0.000000
5         5.900949 94.545476 0.000000
6         0.000000 90.000000 0.000000
7         7.053418 91.666667 0.000000
8         12.500000 100.000000 0.000000
9         4.330127 87.500000 0.000000
10         10.959668 91.666667 0.000000
11         0.000000 85.000000 0.000000
12         8.660254 85.000000 0.000000
13         4.330127 82.500000 0.000000
14         15.625000 90.000000 0.000000
15         18.750000 100.000000 0.000000
16         18.750000 95.000000 0.000000
17         12.500000 85.000000 0.000000
18         0.000000 80.000000 0.000000
19         8.217680 81.041667 0.000000
20         20.833333 96.666667 0.000000
21         11.220085 81.666667 0.000000
22         4.330127 77.500000 0.000000
23         16.584936 83.750000 0.000000
24         12.500000 80.000000 0.000000
25         20.669873 87.500000 0.000000
26         25.000000 100.000000 0.000000
27         0.000000 75.000000 0.000000
28         25.000000 95.000000 0.000000
29         8.660254 75.000000 0.000000
30         22.113249 85.000000 0.000000
31         25.000000 90.000000 0.000000
32         20.132078 81.562500 0.000000
33         4.330127 72.500000 0.000000
34         16.830127 77.500000 0.000000
35         25.000000 85.000000 0.000000
36         0.000000 70.000000 0.000000
37         12.990381 72.500000 0.000000
38         8.660254 70.000000 0.000000
39         25.000000 80.000000 0.000000
40         20.357490 75.189405 0.000000
41         4.330127 67.500000 0.000000
42         17.320508 70.000000 0.000000
43         22.279326 73.257620 0.000000
44         12.990381 67.500000 0.000000
45         0.000000 65.000000 0.000000
46         25.000000 75.000000 0.000000
47         8.660254 65.000000 0.000000
48         21.480233 69.583333 0.000000
49         4.330127 62.500000 0.000000
50         17.141894 65.991542 0.000000
51         25.000000 70.000000 0.000000
52         12.990381 62.500000 0.000000
53         0.000000 60.000000 0.000000
54         21.186613 65.169271 0.000000
55         8.660254 60.000000 0.000000
56         17.070074 61.296896 0.000000
57         4.330127 57.500000 0.000000
58         25.000000 65.000000 0.000000
59         12.920925 57.854090 0.000000
60         21.075046 60.520704 0.000000
61         0.000000 55.000000 0.000000
62         8.660254 55.000000 0.000000
63         17.036261 56.453858 0.000000
64         25.000000 60.000000 0.000000
65         4.330127 52.500000 0.000000
66         12.927101 52.822609 0.000000
67         21.043497 55.616650 0.000000
68         0.000000 50.000000 0.000000
69         8.642947 50.088234 0.000000
70         25.000000 55.000000 0.000000
71         17.052986 51.363850 0.000000
72         4.330127 47.500000 0.000000
73         21.036012 50.638392 0.000000
74         12.921152 47.852936 0.000000
75         0.000000 45.000000 0.000000
76         8.660254 45.000000 0.000000
77         25.000000 50.000000 0.000000
78         17.022743 46.517672 0.000000
79         4.330127 42.500000 0.000000
80         21.037862 45.623785 0.000000
81         12.929921 42.808228 0.000000
82         0.000000 40.000000 0.000000
83         25.000000 45.000000 0.000000
84         8.660254 40.000000 0.000000
85         17.047646 41.389646 0.000000
86         4.330127 37.500000 0.000000
87         21.053880 40.541944 0.000000
88         12.922817 37.843178 0.000000
89         0.000000 35.000000 0.000000
90         25.000000 40.000000 0.000000
91         8.660254 35.000000 0.000000
92         17.058733 36.328847 0.000000
93         4.330127 32.500000 0.000000
94         21.098687 35.313873 0.000000
95         12.933829 32.783235 0.000000
96         25.000000 35.000000 0.000000
97         0.000000 30.000000 0.000000
98         8.630007 30.072664 0.000000
99         17.033851 31.421039 0.000000
100         21.033401 30.593470 0.000000
101         4.330127 27.500000 0.000000
102         12.893253 27.912571 0.000000
103         25.000000 30.000000 0.000000
104         0.000000 25.000000 0.000000
105         8.592596 25.039063 0.000000
106         17.013237 26.415824 0.000000
107         21.001066 25.638969 0.000000
108         4.330127 22.500000 0.000000
109         12.901980 22.788016 0.000000
110         25.000000 25.000000 0.000000
111         0.000000 20.000000 0.000000
112         16.883217 21.512101 0.000000
113         8.389621 20.156250 0.000000
114         20.948075 20.584746 0.000000
115         4.330127 17.500000 0.000000
116         12.339113 18.226058 0.000000
117         25.000000 20.000000 0.000000
118         7.127829 15.911203 0.000000
119         16.505099 16.659729 0.000000
120         0.000000 15.000000 0.000000
121         2.886751 15.000000 0.000000
122         20.747512 15.618204 0.000000
123         11.461442 13.488562 0.000000
124         4.330127 12.500000 0.000000
125         25.000000 15.000000 0.000000
126         0.000000 10.000000 0.000000
127         16.050553 11.282552 0.000000
128         9.700185 9.062500 0.000000
129         20.438566 10.416667 0.000000
130         25.000000 10.000000 0.000000
131         14.131060 6.752930 0.000000
132         6.622887 5.653152 0.000000
133         0.000000 5.000000 0.000000
134         18.273503 6.666667 0.000000
135         4.291363 3.550106 0.000000
136         19.151709 5.000000 0.000000
137         25.000000 5.000000 0.000000
138         20.833333 3.333333 0.000000
139         0.000000 0.000000 0.000000
140         6.250000 0.000000 0.000000
141         12.500000 0.000000 0.000000
142         18.750000 0.000000 0.000000
143         25.000000 0.000000 0.000000