1        328 312 322 339
2        328 339 358 341
3        328 341 335 316
4        328 316 300 312
5        520 475 445 513
6        520 513 556 553
7        520 553 551 523
8        520 523 478 475
9        527 493 478 523
10        527 523 551 546
11        527 546 544 531
12        527 531 497 493
13        449 493 497 460
14        449 460 425 411
15        449 411 390 436
16        449 436 478 493
17        383 367 390 411
18        383 411 425 397
19        383 397 374 365
20        383 365 346 367
21        338 360 390 367
22        338 367 346 329
23        338 329 297 311
24        338 311 327 360
25        292 307 327 311
26        292 311 297 275
27        292 275 253 271
28        292 271 278 307
29        295 314 327 307
30        295 307 278 273
31        295 273 258 280
32        295 280 301 314
33        279 259 253 275
34        279 275 297 299
35        279 299 298 284
36        279 284 268 259
37        250 241 253 259
38        250 259 268 254
39        250 254 238 232
40        250 232 228 241
41        218 212 228 232
42        218 232 238 224
43        218 224 209 205
44        218 205 199 212
45        206 212 199 190
46        206 190 185 195
47        206 195 210 219
48        206 219 228 212
49        274 262 238 254
50        274 254 268 284
51        274 284 298 293
52        274 293 285 262
53        264 246 238 262
54        264 262 285 286
55        264 286 288 272
56        264 272 251 246
57        303 286 285 304
58        303 304 313 317
59        303 317 322 306
60        303 306 288 286
61        294 306 322 312
62        294 312 300 281
63        294 281 261 276
64        294 276 288 306
65        310 304 285 293
66        310 293 298 315
67        310 315 332 324
68        310 324 313 304
69        321 299 297 329
70        321 329 346 337
71        321 337 332 315
72        321 315 298 299
73        351 337 346 365
74        351 365 374 363
75        351 363 355 342
76        351 342 332 337
77        334 324 332 342
78        334 342 355 340
79        334 340 322 317
80        334 317 313 324
81        372 363 374 386
82        372 386 389 382
83        372 382 376 364
84        372 364 355 363
85        404 386 374 397
86        404 397 425 420
87        404 420 423 406
88        404 406 389 386
89        399 395 376 382
90        399 382 389 406
91        399 406 423 418
92        399 418 415 395
93        401 385 376 395
94        401 395 415 417
95        401 417 419 403
96        401 403 392 385
97        375 370 376 385
98        375 385 392 384
99        375 384 379 369
100        375 369 358 370
101        400 403 419 416
102        400 416 413 391
103        400 391 379 384
104        400 384 392 403
105        437 428 413 416
106        437 416 419 440
107        437 440 459 456
108        437 456 446 428
109        435 417 415 430
110        435 430 448 451
111        435 451 459 440
112        435 440 419 417
113        432 430 415 418
114        432 418 423 439
115        432 439 450 447
116        432 447 448 430
117        465 464 448 447
118        465 447 450 468
119        465 468 488 479
120        465 479 474 464
121        467 451 448 464
122        467 464 474 483
123        467 483 491 476
124        467 476 459 451
125        487 470 459 476
126        487 476 491 500
127        487 500 509 494
128        487 494 481 470
129        466 456 459 470
130        466 470 481 480
131        466 480 472 462
132        466 462 446 456
133        489 499 491 483
134        489 483 474 479
135        489 479 488 496
136        489 496 502 499
137        506 496 488 492
138        506 492 497 519
139        506 519 530 515
140        506 515 502 496
141        512 508 491 499
142        512 499 502 515
143        512 515 530 524
144        512 524 518 508
145        514 500 491 508
146        514 508 518 528
147        514 528 536 526
148        514 526 509 500
149        352 340 355 364
150        352 364 376 370
151        352 370 358 339
152        352 339 322 340
153        535 528 518 524
154        535 524 530 541
155        535 541 558 548
156        535 548 536 528
157        498 480 481 494
158        498 494 509 516
159        498 516 522 503
160        498 503 472 480
161        424 407 413 428
162        424 428 446 462
163        424 462 472 426
164        424 426 394 407
165        231 241 228 219
166        231 219 210 227
167        231 227 236 247
168        231 247 253 241
169        233 230 251 252
170        233 252 261 243
171        233 243 207 211
172        233 211 209 230
173        256 271 253 247
174        256 247 236 248
175        256 248 258 273
176        256 273 278 271
177        263 281 300 282
178        263 282 265 239
179        263 239 207 243
180        263 243 261 281
181        171 190 199 177
182        171 177 153 148
183        171 148 145 170
184        171 170 185 190
185        183 203 210 195
186        183 195 185 170
187        183 170 145 172
188        183 172 194 203
189        175 177 199 205
190        175 205 209 165
191        175 165 137 146
192        175 146 153 177
193        260 283 301 280
194        260 280 258 244
195        260 244 215 242
196        260 242 266 283
197        229 248 236 217
198        229 217 194 204
199        229 204 215 244
200        229 244 258 248
201        533 516 509 526
202        533 526 536 547
203        533 547 555 539
204        533 539 522 516
205        359 354 379 387
206        359 387 394 361
207        359 361 323 330
208        359 330 335 354
209        534 519 497 531
210        534 531 544 550
211        534 550 558 541
212        534 541 530 519
213        305 282 300 316
214        305 316 335 330
215        305 330 323 290
216        305 290 265 282
217        333 345 327 314
218        333 314 301 318
219        333 318 336 349
220        333 349 362 345
221        308 318 301 283
222        308 283 266 291
223        308 291 309 320
224        308 320 336 318
225        373 360 327 345
226        373 345 362 381
227        373 381 414 408
228        373 408 390 360
229        134 148 153 139
230        134 139 121 117
231        134 117 111 128
232        134 128 145 148
233        377 349 336 366
234        377 366 398 405
235        377 405 414 381
236        377 381 362 349
237        182 204 194 174
238        182 174 156 161
239        182 161 178 196
240        182 196 215 204
241        220 240 266 242
242        220 242 215 196
243        220 196 178 193
244        220 193 216 240
245        214 239 265 249
246        214 249 226 198
247        214 198 162 187
248        214 187 207 239
249        557 547 536 548
250        557 548 558 563
251        557 563 570 562
252        557 562 555 547
253        537 539 555 554
254        537 554 552 532
255        537 532 505 517
256        537 517 522 539
257        127 139 153 146
258        127 146 137 116
259        127 116 100 113
260        127 113 121 139
261        560 550 544 559
262        560 559 565 574
263        560 574 583 569
264        560 569 558 550
265        269 249 265 290
266        269 290 323 289
267        269 289 245 235
268        269 235 226 249
269        132 150 145 128
270        132 128 111 118
271        132 118 122 138
272        132 138 156 150
273        103 99 111 117
274        103 117 121 113
275        103 113 100 95
276        103 95 86 99
277        561 559 544 546
278        561 546 551 568
279        561 568 584 572
280        561 572 565 559
281        577 563 558 569
282        577 569 583 588
283        577 588 601 582
284        577 582 570 563
285        581 585 583 574
286        581 574 565 572
287        581 572 584 592
288        581 592 602 585
289        147 161 156 138
290        147 138 122 131
291        147 131 144 158
292        147 158 178 161
293        154 163 207 187
294        154 187 162 143
295        154 143 123 129
296        154 129 137 163
297        202 173 162 198
298        202 198 226 235
299        202 235 245 200
300        202 200 181 173
301        155 149 162 173
302        155 173 181 164
303        155 164 151 142
304        155 142 135 149
305        189 200 245 221
306        189 221 197 169
307        189 169 151 164
308        189 164 181 200
309        125 119 135 142
310        125 142 151 133
311        125 133 115 110
312        125 110 105 119
313        257 237 197 221
314        257 221 245 287
315        257 287 326 302
316        257 302 277 237
317        579 576 555 562
318        579 562 570 582
319        579 582 601 593
320        579 593 590 576
321        188 222 216 193
322        188 193 178 158
323        188 158 144 168
324        188 168 223 222
325        421 426 472 455
326        421 455 444 409
327        421 409 378 388
328        421 388 394 426
329        319 343 378 350
330        319 350 326 287
331        319 287 245 289
332        319 289 323 343
333        433 402 378 409
334        433 409 444 461
335        433 461 484 458
336        433 458 434 402
337        477 455 472 490
338        477 490 505 495
339        477 495 484 461
340        477 461 444 455
341        525 495 505 532
342        525 532 552 549
343        525 549 540 511
344        525 511 484 495
345        485 463 434 458
346        485 458 484 511
347        485 511 540 510
348        485 510 486 463
349        114 124 144 131
350        114 131 122 104
351        114 104 93 96
352        114 96 102 124
353        88 97 111 99
354        88 99 86 75
355        88 75 68 80
356        88 80 93 97
357        85 77 86 95
358        85 95 100 91
359        85 91 81 74
360        85 74 73 77
361        603 592 584 591
362        603 591 595 609
363        603 609 629 615
364        603 615 602 592
365        575 554 555 576
366        575 576 590 594
367        575 594 597 573
368        575 573 552 554
369        599 588 583 585
370        599 585 602 607
371        599 607 612 608
372        599 608 601 588
373        380 350 378 402
374        380 402 434 412
375        380 412 393 357
376        380 357 326 350
377        106 126 135 119
378        106 119 105 89
379        106 89 81 101
380        106 101 123 126
381        107 116 137 129
382        107 129 123 101
383        107 101 81 91
384        107 91 100 116
385        208 179 197 237
386        208 237 277 296
387        208 296 344 225
388        208 225 176 179
389        94 112 102 92
390        94 92 79 78
391        94 78 84 98
392        94 98 120 112
393        70 75 86 77
394        70 77 73 60
395        70 60 51 57
396        70 57 68 75
397        443 412 434 463
398        443 463 486 482
399        443 482 473 427
400        443 427 393 412
401        606 604 590 593
402        606 593 601 613
403        606 613 623 619
404        606 619 614 604
405        331 302 326 357
406        331 357 393 371
407        331 371 344 296
408        331 296 277 302
409        521 510 540 542
410        521 542 543 529
411        521 529 473 482
412        521 482 486 510
413        610 594 590 604
414        610 604 614 621
415        610 621 628 617
416        610 617 597 594
417        627 619 623 631
418        627 631 641 636
419        627 636 628 621
420        627 621 614 619
421        620 613 601 608
422        620 608 612 624
423        620 624 632 630
424        620 630 623 613
425        71 83 93 80
426        71 80 68 58
427        71 58 52 66
428        71 66 79 83
429        62 74 81 65
430        62 65 49 47
431        62 47 51 60
432        62 60 73 74
433        571 549 552 573
434        571 573 597 596
435        571 596 587 566
436        571 566 540 549
437        564 542 540 566
438        564 566 587 586
439        564 586 589 567
440        564 567 543 542
441        642 636 641 648
442        642 648 655 650
443        642 650 645 639
444        642 639 628 636
445        638 631 623 630
446        638 630 632 644
447        638 644 653 647
448        638 647 641 631
449        38 47 49 42
450        38 42 36 33
451        38 33 34 44
452        38 44 51 47
453        46 58 68 57
454        46 57 51 44
455        46 44 34 43
456        46 43 52 58
457        72 54 49 65
458        72 65 81 89
459        72 89 105 82
460        72 82 63 54
461        616 596 597 617
462        616 617 628 625
463        616 625 626 611
464        616 611 587 596
465        41 54 63 45
466        41 45 27 32
467        41 32 36 42
468        41 42 49 54
469        64 69 84 78
470        64 78 79 66
471        64 66 52 50
472        64 50 55 69
473        39 43 34 31
474        39 31 30 40
475        39 40 55 50
476        39 50 52 43
477        654 648 641 647
478        654 647 653 658
479        654 658 664 659
480        654 659 655 648
481        656 650 655 657
482        656 657 663 662
483        656 662 661 652
484        656 652 645 650
485        666 658 653 660
486        666 660 667 673
487        666 673 675 672
488        666 672 664 658
489        665 657 655 659
490        665 659 664 670
491        665 670 674 668
492        665 668 663 657
493        37 48 55 40
494        37 40 30 28
495        37 28 29 35
496        37 35 53 48
497        21 31 34 22
498        21 22 13 15
499        21 15 17 23
500        21 23 30 31
501        669 668 674 678
502        669 678 677 671
503        669 671 661 662
504        669 662 663 668
505        20 28 30 23
506        20 23 17 14
507        20 14 12 19
508        20 19 29 28
509        685 686 677 678
510        685 678 674 684
511        685 684 689 688
512        685 688 687 686
513        578 553 556 580
514        578 580 595 591
515        578 591 584 568
516        578 568 551 553
517        438 454 450 439
518        438 439 423 420
519        438 420 425 442
520        438 442 452 454
521        471 454 452 469
522        471 469 497 492
523        471 492 488 468
524        471 468 450 454
525        347 366 336 320
526        347 320 309 356
527        347 356 445 422
528        347 422 398 366
529        255 291 266 240
530        255 240 216 222
531        255 222 223 267
532        255 267 309 291
533        441 405 398 422
534        441 422 445 475
535        441 475 478 453
536        441 453 414 405
537        152 169 197 179
538        152 179 176 136
539        152 136 115 133
540        152 133 151 169
541        140 124 102 112
542        140 112 120 159
543        140 159 223 168
544        140 168 144 124
545        622 607 602 615
546        622 615 629 633
547        622 633 632 624
548        622 624 612 607
549        649 633 629 651
550        649 651 667 660
551        649 660 653 644
552        649 644 632 633
553        25 22 34 33
554        25 33 36 32
555        25 32 27 16
556        25 16 13 22
557        130 159 120 98
558        130 98 84 67
559        130 67 53 109
560        130 109 223 159
561        6 16 27 7
562        6 7 1 2
563        6 2 4 8
564        6 8 13 16
565        680 670 664 672
566        680 672 675 683
567        680 683 689 684
568        680 684 674 670
569        24 26 53 35
570        24 35 29 19
571        24 19 12 11
572        24 11 18 26
573        10 9 12 14
574        10 14 17 15
575        10 15 13 8
576        10 8 4 9
577        5 11 12 9
578        5 9 4 2
579        5 2 1 3
580        5 3 18 11
581        452 442 457 469
582        425 460 457 442
583        497 469 457 460
584        379 391 396 387
585        413 407 396 391
586        394 387 396 407
587        358 369 353 341
588        379 354 353 369
589        335 341 353 354
590        238 246 234 224
591        251 230 234 246
592        209 224 234 230
593        251 272 270 252
594        288 276 270 272
595        261 252 270 276
596        236 227 213 217
597        210 203 213 227
598        194 217 213 203
599        390 408 431 436
600        414 453 431 408
601        478 436 431 453
602        156 174 160 150
603        194 172 160 174
604        145 150 160 172
605        162 149 141 143
606        135 126 141 149
607        123 143 141 126
608        394 388 368 361
609        378 343 368 388
610        323 361 368 343
611        505 490 504 517
612        472 503 504 490
613        522 517 504 503
614        209 211 192 184
615        207 186 192 211
616        180 184 192 186
617        180 186 166 157
618        207 163 166 186
619        137 157 166 163
620        180 157 167 184
621        137 165 167 157
622        209 184 167 165
623        93 104 108 97
624        122 118 108 104
625        111 97 108 118
626        102 96 90 92
627        93 83 90 96
628        79 92 90 83
629        115 136 191 201
630        176 225 191 136
631        344 201 191 225
632        393 427 410 371
633        473 429 410 427
634        344 371 410 429
635        309 267 325 356
636        223 348 325 267
637        445 356 325 348
638        473 529 545 538
639        543 567 545 529
640        589 538 545 567
641        629 609 600 598
642        595 580 600 609
643        556 598 600 580
644        105 110 87 82
645        115 76 87 110
646        63 82 87 76
647        344 429 501 507
648        473 538 501 429
649        589 507 501 538
650        84 69 61 67
651        55 48 61 69
652        53 67 61 48
653        589 586 605 618
654        587 611 605 586
655        626 618 605 611
656        628 639 635 625
657        645 640 635 639
658        626 625 635 640
659        626 640 646 643
660        645 652 646 640
661        661 643 646 652
662        589 618 634 637
663        626 643 634 618
664        661 637 634 643
665        63 76 56 45
666        115 59 56 76
667        27 45 56 59
668        675 673 681 683
669        667 682 681 673
670        689 683 681 682
671        661 671 679 676
672        677 686 679 671
673        687 676 679 686