1         25.000000 100.000000 0.000000
2         20.316182 95.207285 0.000000
3         11.790713 100.000000 0.000000
4         15.910160 89.854101 0.000000
5         11.353875 94.739282 0.000000
6         21.113788 83.815425 0.000000
7         25.000000 82.983106 0.000000
8         16.852975 84.545093 0.000000
9         10.561323 89.809925 0.000000
10         12.681175 84.437819 0.000000
11         5.050163 91.894388 0.000000
12         6.539240 87.954166 0.000000
13         16.634519 78.974739 0.000000
14         9.376136 83.201592 0.000000
15         13.252342 79.931673 0.000000
16         20.332596 76.706368 0.000000
17         10.930334 80.227398 0.000000
18         0.000000 100.000000 0.000000
19         4.615072 83.596180 0.000000
20         7.353794 80.186984 0.000000
21         12.763340 76.086737 0.000000
22         15.570204 74.785406 0.000000
23         9.620876 77.592930 0.000000
24         2.307536 84.884102 0.000000
25         18.566320 73.034539 0.000000
26         0.000000 85.582634 0.000000
27         25.000000 71.015011 0.000000
28         6.114585 77.255530 0.000000
29         4.161842 78.910776 0.000000
30         8.347506 75.124367 0.000000
31         11.039417 73.365502 0.000000
32         20.767905 70.090941 0.000000
33         16.900616 70.437185 0.000000
34         13.804428 71.186384 0.000000
35         2.755301 78.017949 0.000000
36         18.727491 69.268625 0.000000
37         4.589036 74.855699 0.000000
38         16.352286 68.029615 0.000000
39         9.008863 70.930130 0.000000
40         6.615147 72.283506 0.000000
41         20.870209 66.917350 0.000000
42         18.534017 67.224173 0.000000
43         11.247315 69.332575 0.000000
44         14.264590 68.011255 0.000000
45         22.951798 65.742774 0.000000
46         12.101091 66.993602 0.000000
47         16.247921 65.330964 0.000000
48         2.871112 71.865809 0.000000
49         18.198998 64.644708 0.000000
50         7.133576 68.738936 0.000000
51         14.365062 65.462967 0.000000
52         8.930600 67.424164 0.000000
53         0.000000 73.522832 0.000000
54         20.181999 63.721152 0.000000
55         4.759386 69.371409 0.000000
56         23.984246 62.968175 0.000000
57         12.555234 64.855850 0.000000
58         10.262534 65.724539 0.000000
59         25.000000 62.195215 0.000000
60         14.392501 63.653798 0.000000
61         2.140857 69.738884 0.000000
62         16.073842 63.112040 0.000000
63         21.952738 62.070559 0.000000
64         5.500532 67.028668 0.000000
65         17.832057 62.302545 0.000000
66         7.068846 65.892410 0.000000
67         0.831593 69.922621 0.000000
68         10.830750 63.859107 0.000000
69         3.211286 67.846909 0.000000
70         12.914635 63.056199 0.000000
71         8.233844 64.513673 0.000000
72         19.562826 61.011406 0.000000
73         14.248079 61.949203 0.000000
74         15.854493 61.068850 0.000000
75         11.431827 62.184307 0.000000
76         23.348211 59.839970 0.000000
77         13.418779 61.486770 0.000000
78         4.084599 65.510475 0.000000
79         5.610406 64.603135 0.000000
80         9.059089 62.768520 0.000000
81         17.460908 60.188497 0.000000
82         21.247833 59.396436 0.000000
83         6.372691 63.529908 0.000000
84         1.663186 66.322410 0.000000
85         14.443923 60.352647 0.000000
86         12.068481 60.589032 0.000000
87         22.455859 58.502188 0.000000
88         9.913442 61.232888 0.000000
89         18.931252 58.731322 0.000000
90         5.567863 62.934162 0.000000
91         15.227877 59.251138 0.000000
92         4.650656 63.356691 0.000000
93         7.148452 61.952370 0.000000
94         3.257238 63.827740 0.000000
95         12.914175 59.541098 0.000000
96         5.673117 61.917138 0.000000
97         8.477462 60.548377 0.000000
98         1.464703 64.273453 0.000000
99         10.702963 59.453253 0.000000
100         13.536390 58.480770 0.000000
101         16.721546 57.663574 0.000000
102         4.167117 62.061726 0.000000
103         11.607906 58.741942 0.000000
104         6.252647 60.779601 0.000000
105         20.542929 56.722312 0.000000
106         18.158347 57.003074 0.000000
107         15.090296 57.562296 0.000000
108         7.338312 60.141863 0.000000
109         0.000000 64.204776 0.000000
110         22.771464 56.270634 0.000000
111         9.509641 58.866387 0.000000
112         2.691518 62.098522 0.000000
113         12.276190 57.878788 0.000000
114         4.984790 60.769309 0.000000
115         25.000000 55.818956 0.000000
116         13.663898 57.226405 0.000000
117         10.414584 58.155075 0.000000
118         7.433241 59.236609 0.000000
119         19.596371 55.880940 0.000000
120         1.266220 62.224495 0.000000
121         11.269162 57.451585 0.000000
122         5.963678 59.508958 0.000000
123         16.225721 56.064105 0.000000
124         3.658881 60.592969 0.000000
125         21.153998 55.341591 0.000000
126         17.379755 55.749858 0.000000
127         12.309631 56.788402 0.000000
128         9.357515 57.725447 0.000000
129         14.713635 56.047839 0.000000
130         0.831593 61.739773 0.000000
131         4.848939 59.418983 0.000000
132         7.514322 58.083652 0.000000
133         22.254947 54.645086 0.000000
134         10.262458 57.014136 0.000000
135         18.441561 54.998219 0.000000
136         24.393059 54.437196 0.000000
137         13.476204 55.894717 0.000000
138         6.071814 58.309025 0.000000
139         11.116713 56.320891 0.000000
140         2.075499 60.280125 0.000000
141         16.950198 54.850776 0.000000
142         19.536532 54.412547 0.000000
143         16.087949 54.795146 0.000000
144         3.535440 59.145877 0.000000
145         9.205388 56.584507 0.000000
146         12.114196 55.630213 0.000000
147         4.911849 58.251789 0.000000
148         10.109390 56.011354 0.000000
149         17.449765 54.175684 0.000000
150         7.595403 56.930695 0.000000
151         20.561914 53.746305 0.000000
152         22.217303 53.491744 0.000000
153         11.006448 55.550894 0.000000
154         15.081941 54.377769 0.000000
155         18.560808 53.692030 0.000000
156         5.985418 57.276883 0.000000
157         13.413587 54.400362 0.000000
158         3.700227 58.000995 0.000000
159         0.633110 59.690816 0.000000
160         7.301773 56.279745 0.000000
161         5.102252 57.192036 0.000000
162         16.474955 53.454326 0.000000
163         14.013403 53.944142 0.000000
164         19.390049 52.982373 0.000000
165         12.638365 54.266691 0.000000
166         13.856918 53.924945 0.000000
167         12.940225 54.139978 0.000000
168         1.987548 58.513147 0.000000
169         20.783414 52.720053 0.000000
170         9.185033 55.191528 0.000000
171         9.963266 54.895880 0.000000
172         7.803034 55.630885 0.000000
173         17.585998 52.970672 0.000000
174         6.352767 56.187974 0.000000
175         11.664500 54.286837 0.000000
176         23.580971 52.366106 0.000000
177         10.752259 54.449171 0.000000
178         4.102377 57.022048 0.000000
179         22.352229 52.283744 0.000000
180         13.367422 53.621412 0.000000
181         18.697041 52.487018 0.000000
182         5.409364 56.217425 0.000000
183         8.305073 54.900679 0.000000
184         12.895764 53.376197 0.000000
185         9.198225 54.459726 0.000000
186         13.757813 53.112781 0.000000
187         15.512778 52.723947 0.000000
188         2.466576 57.354610 0.000000
189         19.740435 52.004139 0.000000
190         9.722675 54.096253 0.000000
191         24.595373 51.604767 0.000000
192         13.256311 52.911200 0.000000
193         3.353290 56.550063 0.000000
194         6.714513 54.977843 0.000000
195         8.709643 54.202239 0.000000
196         4.536701 55.858433 0.000000
197         21.099111 51.476719 0.000000
198         16.657220 51.945403 0.000000
199         10.467371 53.415949 0.000000
200         18.799835 51.563362 0.000000
201         25.000000 51.167991 0.000000
202         17.731583 51.690624 0.000000
203         7.511440 54.376985 0.000000
204         5.777283 55.012721 0.000000
205         11.133948 53.027307 0.000000
206         9.261836 53.613458 0.000000
207         14.550602 51.993568 0.000000
208         22.609006 50.909400 0.000000
209         11.800525 52.638665 0.000000
210         8.073439 53.835091 0.000000
211         13.071698 52.290914 0.000000
212         9.862319 53.128910 0.000000
213         7.267348 54.013563 0.000000
214         15.690699 51.503858 0.000000
215         4.889437 54.860460 0.000000
216         2.601160 55.939742 0.000000
217         6.772943 54.053579 0.000000
218         10.475615 52.743711 0.000000
219         8.665353 53.338481 0.000000
220         3.745625 55.333799 0.000000
221         20.000008 50.744236 0.000000
222         1.597362 56.291722 0.000000
223         0.000000 57.157136 0.000000
224         11.081116 52.359708 0.000000
225         23.997624 50.377378 0.000000
226         16.743136 51.053279 0.000000
227         7.543766 53.531422 0.000000
228         9.257267 52.841872 0.000000
229         6.095818 53.995157 0.000000
230         11.787662 51.897111 0.000000
231         8.049765 53.062807 0.000000
232         9.825078 52.458920 0.000000
233         12.679355 51.620223 0.000000
234         11.210206 52.015529 0.000000
235         17.853081 50.564775 0.000000
236         7.020602 53.366063 0.000000
237         21.339631 50.127173 0.000000
238         10.361706 52.080751 0.000000
239         14.712096 50.943764 0.000000
240         2.849260 54.987915 0.000000
241         8.641679 52.566197 0.000000
242         4.101874 54.365804 0.000000
243         13.418116 51.089678 0.000000
244         5.261858 53.772225 0.000000
245         18.963025 50.076271 0.000000
246         10.915046 51.703961 0.000000
247         7.473186 52.823195 0.000000
248         6.397582 53.230263 0.000000
249         15.933363 50.484142 0.000000
250         9.205724 52.169348 0.000000
251         11.468386 51.327171 0.000000
252         12.173400 51.042044 0.000000
253         8.026091 52.290522 0.000000
254         9.607509 51.716964 0.000000
255         1.784626 54.858725 0.000000
256         6.796286 52.573387 0.000000
257         20.197459 49.419817 0.000000
258         5.677827 52.986360 0.000000
259         8.734176 51.785891 0.000000
260         4.532221 53.386152 0.000000
261         12.664687 50.595366 0.000000
262         10.299582 51.245710 0.000000
263         13.672770 50.329257 0.000000
264         10.865528 51.036108 0.000000
265         14.961354 50.015274 0.000000
266         3.240214 53.882808 0.000000
267         0.568663 55.221033 0.000000
268         9.154180 51.496824 0.000000
269         16.549503 49.637340 0.000000
270         11.881171 50.625416 0.000000
271         7.168203 52.035264 0.000000
272         11.418994 50.659612 0.000000
273         6.027800 52.465746 0.000000
274         9.708425 51.120935 0.000000
275         7.995763 51.543877 0.000000
276         12.087563 50.274538 0.000000
277         21.452948 48.702758 0.000000
278         6.578479 51.919020 0.000000
279         8.550710 51.186871 0.000000
280         5.024066 52.477206 0.000000
281         12.756166 49.889532 0.000000
282         13.914408 49.598596 0.000000
283         3.736828 52.956033 0.000000
284         9.105657 50.829865 0.000000
285         10.242185 50.468596 0.000000
286         10.811034 50.299439 0.000000
287         18.926862 48.552631 0.000000
288         11.369602 49.992052 0.000000
289         17.162081 48.748164 0.000000
290         15.292708 49.052304 0.000000
291         2.269610 53.359954 0.000000
292         7.090022 51.299198 0.000000
293         9.655848 50.401675 0.000000
294         12.081080 49.644177 0.000000
295         5.600150 51.768175 0.000000
296         22.595803 48.045227 0.000000
297         7.965435 50.797232 0.000000
298         9.079032 50.321759 0.000000
299         8.511284 50.480070 0.000000
300         12.916468 49.220905 0.000000
301         4.332600 52.042502 0.000000
302         20.423443 47.935778 0.000000
303         10.766823 49.700999 0.000000
304         10.197175 49.858451 0.000000
305         14.107039 48.828949 0.000000
306         11.361392 49.489265 0.000000
307         6.251323 51.089272 0.000000
308         2.842278 52.512672 0.000000
309         1.137326 53.284930 0.000000
310         9.610589 49.786426 0.000000
311         6.944801 50.528378 0.000000
312         12.119198 48.923371 0.000000
313         10.164044 49.409945 0.000000
314         5.059428 51.150529 0.000000
315         9.059579 49.674135 0.000000
316         13.163983 48.512892 0.000000
317         10.717491 49.033454 0.000000
318         3.505760 51.605915 0.000000
319         17.367558 47.573778 0.000000
320         1.782505 52.351421 0.000000
321         8.415342 49.599730 0.000000
322         11.240866 48.712441 0.000000
323         15.552934 47.727653 0.000000
324         9.561275 49.118881 0.000000
325         0.379109 52.837250 0.000000
326         19.152906 47.113112 0.000000
327         5.924166 50.259523 0.000000
328         12.316772 48.258931 0.000000
329         7.733237 49.582637 0.000000
330         14.185846 47.757647 0.000000
331         21.541654 46.745945 0.000000
332         9.133353 48.988624 0.000000
333         4.222923 50.707015 0.000000
334         9.991389 48.612208 0.000000
335         13.315654 47.742782 0.000000
336         2.607714 51.212212 0.000000
337         8.513616 48.863445 0.000000
338         6.756181 49.411227 0.000000
339         11.533244 47.926032 0.000000
340         10.473007 48.190082 0.000000
341         12.529259 47.617398 0.000000
342         9.415184 48.396743 0.000000
343         16.023097 46.694031 0.000000
344         25.000000 45.939909 0.000000
345         4.616925 49.871859 0.000000
346         7.788509 48.693758 0.000000
347         1.352566 51.306009 0.000000
348         0.000000 51.915808 0.000000
349         3.328210 50.280265 0.000000
350         17.358192 46.300288 0.000000
351         8.811193 48.227491 0.000000
352         10.837129 47.623549 0.000000
353         12.606345 47.150109 0.000000
354         13.072680 46.978457 0.000000
355         9.818734 47.814471 0.000000
356         0.717250 51.374468 0.000000
357         20.020999 45.846268 0.000000
358         11.795549 47.195102 0.000000
359         13.767759 46.731205 0.000000
360         5.634053 49.114289 0.000000
361         14.689544 46.427783 0.000000
362         3.849288 49.696598 0.000000
363         9.199047 47.663024 0.000000
364         10.187455 47.363949 0.000000
365         8.129946 47.981700 0.000000
366         1.997745 50.372501 0.000000
367         6.806294 48.396293 0.000000
368         15.124454 46.154816 0.000000
369         12.177536 46.767259 0.000000
370         11.154811 47.014132 0.000000
371         23.126369 45.156509 0.000000
372         9.580050 47.190376 0.000000
373         4.509253 48.892011 0.000000
374         8.586209 47.419758 0.000000
375         11.537742 46.583565 0.000000
376         10.514073 46.833161 0.000000
377         2.860263 49.511316 0.000000
378         15.994276 45.608881 0.000000
379         12.515246 46.276216 0.000000
380         18.622832 45.113238 0.000000
381         3.602730 48.937670 0.000000
382         9.927720 46.699721 0.000000
383         7.409056 47.468502 0.000000
384         11.920673 46.152998 0.000000
385         10.897948 46.399871 0.000000
386         9.003160 46.927773 0.000000
387         13.098436 45.758631 0.000000
388         14.852812 45.347209 0.000000
389         9.341367 46.566280 0.000000
390         5.346613 47.894396 0.000000
391         12.306905 45.723733 0.000000
392         11.281823 45.966580 0.000000
393         21.252737 44.373109 0.000000
394         13.753803 45.349727 0.000000
395         10.283967 46.138717 0.000000
396         12.729300 45.521126 0.000000
397         8.064032 46.768808 0.000000
398         1.691405 49.156263 0.000000
399         9.756449 46.151437 0.000000
400         11.728406 45.622009 0.000000
401         10.715723 45.845616 0.000000
402         17.308467 44.457102 0.000000
403         11.184764 45.631037 0.000000
404         8.585736 46.345485 0.000000
405         2.512365 48.454829 0.000000
406         9.181049 46.023968 0.000000
407         12.782558 45.081014 0.000000
408         4.181969 47.681554 0.000000
409         15.604711 44.475981 0.000000
410         23.235845 43.713782 0.000000
411         6.637203 46.724200 0.000000
412         19.803671 43.849294 0.000000
413         12.054288 45.108050 0.000000
414         3.510582 47.823680 0.000000
415         10.076432 45.497385 0.000000
416         11.537636 45.067463 0.000000
417         10.537154 45.296172 0.000000
418         9.570002 45.559971 0.000000
419         11.024091 45.114786 0.000000
420         8.425419 45.803173 0.000000
421         14.538715 44.275411 0.000000
422         0.783903 48.698387 0.000000
423         9.020732 45.481655 0.000000
424         12.688208 44.496388 0.000000
425         7.675127 45.841485 0.000000
426         13.460123 44.227410 0.000000
427         22.328557 43.057931 0.000000
428         11.973946 44.471410 0.000000
429         24.252609 42.926907 0.000000
430         9.891697 44.923875 0.000000
431         4.279047 46.778577 0.000000
432         9.408114 45.053524 0.000000
433         16.582556 43.506306 0.000000
434         18.517812 43.228358 0.000000
435         10.367716 44.701517 0.000000
436         4.909908 46.433510 0.000000
437         11.344403 44.426468 0.000000
438         8.389548 45.224381 0.000000
439         8.887935 45.069499 0.000000
440         10.836811 44.464471 0.000000
441         2.219088 47.343964 0.000000
442         7.958383 45.110168 0.000000
443         20.862865 42.649683 0.000000
444         15.223313 43.336162 0.000000
445         0.000000 48.069685 0.000000
446         11.808886 43.854735 0.000000
447         9.230184 44.501314 0.000000
448         9.721632 44.359905 0.000000
449         6.215283 45.416629 0.000000
450         8.721933 44.554313 0.000000
451         10.205200 44.121551 0.000000
452         8.019479 44.724094 0.000000
453         3.745265 46.220668 0.000000
454         8.336085 44.620194 0.000000
455         14.371310 43.149387 0.000000
456         11.154638 43.792040 0.000000
457         7.749380 44.650711 0.000000
458         17.516872 42.465608 0.000000
459         10.747683 43.752549 0.000000
460         7.314330 44.728174 0.000000
461         15.810230 42.684102 0.000000
462         12.299417 43.301521 0.000000
463         19.457303 42.129494 0.000000
464         9.559445 43.892879 0.000000
465         9.053962 43.954467 0.000000
466         11.632495 43.247573 0.000000
467         9.993758 43.588059 0.000000
468         8.612271 43.936812 0.000000
469         7.813600 44.147431 0.000000
470         11.110255 43.199841 0.000000
471         8.213380 43.977990 0.000000
472         12.859767 42.788112 0.000000
473         23.955714 41.498284 0.000000
474         9.441324 43.526348 0.000000
475         2.054617 46.058900 0.000000
476         10.431512 43.184841 0.000000
477         14.863446 42.197862 0.000000
478         4.144729 45.092136 0.000000
479         9.070327 43.439804 0.000000
480         11.965671 42.696889 0.000000
481         11.461658 42.715977 0.000000
482         21.460077 41.224316 0.000000
483         9.828681 43.098227 0.000000
484         16.537476 41.717544 0.000000
485         18.429644 41.410222 0.000000
486         20.018891 41.229712 0.000000
487         10.829125 42.707523 0.000000
488         8.521782 43.301576 0.000000
489         9.301552 42.953510 0.000000
490         13.685756 41.920377 0.000000
491         10.216038 42.670105 0.000000
492         8.107056 43.217797 0.000000
493         5.999691 43.780631 0.000000
494         11.309047 42.251202 0.000000
495         15.676070 41.321687 0.000000
496         8.819085 42.780856 0.000000
497         7.351868 43.215001 0.000000
498         11.907299 41.906047 0.000000
499         9.496623 42.488399 0.000000
500         10.637755 42.101967 0.000000
501         24.651905 40.332335 0.000000
502         9.087153 42.427304 0.000000
503         12.625817 41.546083 0.000000
504         13.254459 41.381602 0.000000
505         14.511745 41.052642 0.000000
506         8.454519 42.425309 0.000000
507         25.000000 40.085710 0.000000
508         9.979099 41.921746 0.000000
509         11.120627 41.545568 0.000000
510         19.386343 40.153671 0.000000
511         17.187404 40.365582 0.000000
512         9.383876 41.900985 0.000000
513         0.000000 45.264630 0.000000
514         10.385230 41.484671 0.000000
515         8.836212 41.810958 0.000000
516         11.745924 41.065154 0.000000
517         13.451805 40.678347 0.000000
518         9.760453 41.425340 0.000000
519         8.055725 41.891625 0.000000
520         2.051574 43.903018 0.000000
521         21.002838 39.519588 0.000000
522         12.498067 40.674478 0.000000
523         3.858670 43.103864 0.000000
524         9.223569 41.382837 0.000000
525         15.873695 39.955872 0.000000
526         10.845450 40.849132 0.000000
527         5.499042 42.324241 0.000000
528         10.078689 40.971436 0.000000
529         22.648209 39.112380 0.000000
530         8.602556 41.294035 0.000000
531         6.906931 41.629280 0.000000
532         14.420090 39.717479 0.000000
533         11.457703 40.134522 0.000000
534         7.633902 41.021486 0.000000
535         9.213043 40.504378 0.000000
536         10.506230 40.158218 0.000000
537         13.298679 39.489018 0.000000
538         24.313779 38.252904 0.000000
539         12.202395 39.511897 0.000000
540         18.094000 38.455163 0.000000
541         8.294716 40.090719 0.000000
542         20.436821 37.911365 0.000000
543         21.986785 37.809464 0.000000
544         6.485327 40.483513 0.000000
545         23.647500 37.622187 0.000000
546         5.161530 40.834589 0.000000
547         11.057373 39.163718 0.000000
548         9.255196 39.572522 0.000000
549         16.245398 38.030228 0.000000
550         7.343347 39.917592 0.000000
551         3.739336 41.096063 0.000000
552         14.576570 37.971603 0.000000
553         2.093808 41.364982 0.000000
554         13.120428 38.048347 0.000000
555         11.687906 38.250437 0.000000
556         0.000000 41.875563 0.000000
557         9.806339 38.578021 0.000000
558         8.004161 38.986825 0.000000
559         6.016598 39.373009 0.000000
560         6.830604 38.853600 0.000000
561         4.922413 39.434540 0.000000
562         10.521302 37.622742 0.000000
563         8.719125 38.031547 0.000000
564         20.663661 35.861244 0.000000
565         5.732674 38.656933 0.000000
566         18.633881 35.991926 0.000000
567         23.493393 35.684138 0.000000
568         3.712348 39.177908 0.000000
569         7.553225 37.893192 0.000000
570         9.485263 37.295207 0.000000
571         16.623605 35.797801 0.000000
572         4.667768 38.426883 0.000000
573         14.784953 35.843203 0.000000
574         6.360463 37.759548 0.000000
575         13.179171 36.095840 0.000000
576         11.728301 36.355374 0.000000
577         8.314256 36.933622 0.000000
578         2.534415 38.624643 0.000000
579         10.534585 36.241570 0.000000
580         0.354440 39.383795 0.000000
581         5.008208 37.507465 0.000000
582         9.217881 36.236172 0.000000
583         7.063880 36.798722 0.000000
584         3.064747 37.998554 0.000000
585         5.711624 36.546639 0.000000
586         22.170268 33.735918 0.000000
587         19.340536 33.913024 0.000000
588         7.590987 35.897764 0.000000
589         25.000000 33.558812 0.000000
590         11.585496 34.712037 0.000000
591         1.886814 37.445290 0.000000
592         3.542999 36.785905 0.000000
593         10.111900 34.851567 0.000000
594         13.083002 34.136435 0.000000
595         0.995287 37.505180 0.000000
596         17.060595 33.467203 0.000000
597         14.914743 33.683074 0.000000
598         0.000000 37.708895 0.000000
599         6.448394 35.384422 0.000000
600         0.236294 37.282855 0.000000
601         8.537419 34.474289 0.000000
602         4.065792 35.686384 0.000000
603         2.033249 35.951215 0.000000
604         11.269124 33.079662 0.000000
605         21.987478 31.728652 0.000000
606         9.740515 33.283535 0.000000
607         4.659803 34.595203 0.000000
608         6.634252 33.931943 0.000000
609         0.744606 35.686455 0.000000
610         12.806874 32.230295 0.000000
611         20.595213 31.265027 0.000000
612         5.220967 33.594647 0.000000
613         8.047035 32.792743 0.000000
614         10.943611 32.092781 0.000000
615         2.179684 34.457140 0.000000
616         17.459808 30.987895 0.000000
617         14.730421 31.285455 0.000000
618         23.196833 30.184530 0.000000
619         9.296009 31.631262 0.000000
620         6.261799 32.243405 0.000000
621         12.216436 30.768037 0.000000
622         3.341021 33.004628 0.000000
623         7.648407 31.169743 0.000000
624         4.567541 31.726816 0.000000
625         17.939624 28.913605 0.000000
626         21.849889 28.617030 0.000000
627         10.584164 29.824754 0.000000
628         14.531095 28.924317 0.000000
629         0.000000 32.619723 0.000000
630         5.781261 30.514364 0.000000
631         8.876533 29.199761 0.000000
632         4.387094 30.066650 0.000000
633         2.587344 30.539117 0.000000
634         23.949963 26.833626 0.000000
635         17.917703 27.125178 0.000000
636         12.109253 27.750972 0.000000
637         25.000000 26.317031 0.000000
638         6.995874 28.060461 0.000000
639         15.901918 26.359549 0.000000
640         19.857745 25.966844 0.000000
641         10.181298 26.904359 0.000000
642         13.855781 25.452497 0.000000
643         23.004078 24.457217 0.000000
644         5.040580 27.089378 0.000000
645         18.035068 24.358359 0.000000
646         21.216461 24.053178 0.000000
647         8.262114 25.376716 0.000000
648         11.753850 24.345560 0.000000
649         2.621260 26.465467 0.000000
650         15.675361 23.328402 0.000000
651         0.000000 26.453280 0.000000
652         20.581631 21.878657 0.000000
653         6.158091 23.764932 0.000000
654         9.713192 22.777112 0.000000
655         13.293938 22.063299 0.000000
656         18.074995 20.778055 0.000000
657         14.867248 19.966941 0.000000
658         7.779500 21.025774 0.000000
659         11.049400 20.306462 0.000000
660         3.285462 21.383171 0.000000
661         25.000000 18.325035 0.000000
662         19.664680 17.631232 0.000000
663         16.536628 17.489029 0.000000
664         8.988077 18.338403 0.000000
665         12.596219 17.364207 0.000000
666         4.715439 17.889893 0.000000
667         0.000000 19.053197 0.000000
668         15.340638 15.004220 0.000000
669         19.139680 13.675825 0.000000
670         10.559981 14.514002 0.000000
671         22.480025 12.729180 0.000000
672         5.828180 14.598082 0.000000
673         1.968613 14.552548 0.000000
674         13.090027 11.487821 0.000000
675         3.519256 12.430561 0.000000
676         25.000000 9.557095 0.000000
677         21.835314 9.605636 0.000000
678         17.233849 9.829634 0.000000
679         23.945105 9.310224 0.000000
680         7.255456 10.920536 0.000000
681         0.793009 10.068223 0.000000
682         0.000000 10.274268 0.000000
683         2.760975 8.141053 0.000000
684         9.488321 6.738735 0.000000
685         15.832198 5.342797 0.000000
686         23.417657 4.802818 0.000000
687         25.000000 0.000000 0.000000
688         13.188966 0.000000 0.000000
689         0.000000 0.000000 0.000000