1        125 116 133 145
2        125 145 160 135
3        125 135 119 110
4        125 110 103 116
5        19 21 30 28
6        19 28 29 18
7        19 18 12 14
8        19 14 17 21
9        258 210 207 266
10        258 266 320 308
11        258 308 296 256
12        258 256 211 210
13        459 434 454 489
14        459 489 499 478
15        459 478 461 440
16        459 440 416 434
17        354 337 373 395
18        354 395 416 372
19        354 372 335 315
20        354 315 296 337
21        468 481 512 491
22        468 491 477 455
23        468 455 433 446
24        468 446 461 481
25        516 491 512 536
26        516 536 543 538
27        516 538 521 498
28        516 498 477 491
29        557 536 512 541
30        557 541 571 591
31        557 591 601 566
32        557 566 543 536
33        560 566 601 588
34        560 588 575 549
35        560 549 521 538
36        560 538 543 566
37        609 588 601 625
38        609 625 641 627
39        609 627 611 594
40        609 594 575 588
41        651 670 641 625
42        651 625 601 634
43        651 634 664 683
44        651 683 700 670
45        681 670 700 708
46        681 708 714 693
47        681 693 671 654
48        681 654 641 670
49        642 627 641 654
50        642 654 671 657
51        642 657 644 628
52        642 628 611 627
53        580 558 575 594
54        580 594 611 596
55        580 596 579 564
56        580 564 553 558
57        747 751 714 708
58        747 708 700 736
59        747 736 775 788
60        747 788 786 751
61        537 549 575 558
62        537 558 553 526
63        537 526 493 506
64        537 506 521 549
65        748 751 786 777
66        748 777 772 755
67        748 755 733 722
68        748 722 714 751
69        704 693 714 722
70        704 722 733 712
71        704 712 702 685
72        704 685 671 693
73        673 657 671 685
74        673 685 702 689
75        673 689 676 659
76        673 659 644 657
77        610 596 611 628
78        610 628 644 630
79        610 630 607 593
80        610 593 579 596
81        539 564 579 556
82        539 556 529 513
83        539 513 493 526
84        539 526 553 564
85        483 463 477 498
86        483 498 521 506
87        483 506 493 471
88        483 471 451 463
89        456 436 451 471
90        456 471 493 473
91        456 473 460 444
92        456 444 422 436
93        417 426 451 436
94        417 436 422 397
95        417 397 364 387
96        417 387 406 426
97        442 455 477 463
98        442 463 451 426
99        442 426 406 421
100        442 421 433 455
101        490 473 493 513
102        490 513 529 505
103        490 505 492 476
104        490 476 460 473
105        527 505 529 546
106        527 546 562 544
107        527 544 532 511
108        527 511 492 505
109        464 448 460 476
110        464 476 492 479
111        464 479 467 453
112        464 453 437 448
113        430 410 422 444
114        430 444 460 448
115        430 448 437 419
116        430 419 396 410
117        398 421 406 384
118        398 384 367 376
119        398 376 392 414
120        398 414 433 421
121        369 351 367 384
122        369 384 406 387
123        369 387 364 346
124        369 346 338 351
125        569 546 529 556
126        569 556 579 593
127        569 593 607 587
128        569 587 562 546
129        646 630 644 659
130        646 659 676 661
131        646 661 643 626
132        646 626 607 630
133        605 585 562 587
134        605 587 607 626
135        605 626 643 622
136        605 622 600 585
137        723 713 676 689
138        723 689 702 735
139        723 735 766 758
140        723 758 742 713
141        407 385 396 419
142        407 419 437 425
143        407 425 415 390
144        407 390 375 385
145        358 371 396 385
146        358 385 375 357
147        358 357 328 330
148        358 330 345 371
149        640 619 600 622
150        640 622 643 663
151        640 663 686 655
152        640 655 633 619
153        599 584 600 619
154        599 619 633 616
155        599 616 602 586
156        599 586 565 584
157        561 544 562 585
158        561 585 600 584
159        561 584 565 548
160        561 548 532 544
161        534 514 532 548
162        534 548 565 555
163        534 555 533 510
164        534 510 494 514
165        496 514 494 482
166        496 482 467 479
167        496 479 492 511
168        496 511 532 514
169        457 482 494 472
170        457 472 445 427
171        457 427 415 441
172        457 441 467 482
173        487 462 445 472
174        487 472 494 510
175        487 510 533 507
176        487 507 484 462
177        401 427 445 412
178        401 412 374 366
179        401 366 349 381
180        401 381 415 427
181        404 412 445 431
182        404 431 420 394
183        404 394 361 370
184        404 370 374 412
185        530 502 484 507
186        530 507 533 554
187        530 554 573 551
188        530 551 517 502
189        488 470 484 502
190        488 502 517 504
191        488 504 495 475
192        488 475 458 470
193        452 431 445 462
194        452 462 484 470
195        452 470 458 439
196        452 439 420 431
197        570 589 573 554
198        570 554 533 555
199        570 555 565 586
200        570 586 602 589
201        563 540 517 551
202        563 551 573 592
203        563 592 617 581
204        563 581 547 540
205        428 411 420 439
206        428 439 458 447
207        428 447 429 418
208        428 418 403 411
209        386 394 420 411
210        386 411 403 378
211        386 378 352 356
212        386 356 361 394
213        632 616 633 645
214        632 645 662 649
215        632 649 638 620
216        632 620 602 616
217        672 645 633 655
218        672 655 686 701
219        672 701 715 688
220        672 688 662 645
221        668 649 662 680
222        668 680 695 684
223        668 684 675 656
224        668 656 638 649
225        608 589 602 620
226        608 620 638 629
227        608 629 617 592
228        608 592 573 589
229        647 629 638 656
230        647 656 675 667
231        647 667 653 635
232        647 635 617 629
233        578 581 617 606
234        578 606 595 572
235        578 572 531 542
236        578 542 547 581
237        706 684 695 711
238        706 711 738 727
239        706 727 718 697
240        706 697 675 684
241        725 746 738 711
242        725 711 695 707
243        725 707 715 739
244        725 739 754 746
245        687 667 675 697
246        687 697 718 710
247        687 710 703 679
248        687 679 653 667
249        769 763 738 746
250        769 746 754 771
251        769 771 804 800
252        769 800 797 763
253        760 752 718 727
254        760 727 738 763
255        760 763 797 791
256        760 791 787 752
257        340 344 374 370
258        340 370 361 333
259        340 333 303 304
260        340 304 306 344
261        331 366 374 344
262        331 344 306 301
263        331 301 286 317
264        331 317 349 366
265        368 390 415 381
266        368 381 349 339
267        368 339 328 357
268        368 357 375 390
269        307 339 349 317
270        307 317 286 277
271        307 277 270 300
272        307 300 328 339
273        302 313 345 330
274        302 330 328 300
275        302 300 270 272
276        302 272 284 313
277        325 313 284 295
278        325 295 309 329
279        325 329 364 355
280        325 355 345 313
281        682 661 676 698
282        682 698 709 696
283        682 696 686 663
284        682 663 643 661
285        424 446 433 414
286        424 414 392 405
287        424 405 416 440
288        424 440 461 446
289        319 346 364 329
290        319 329 309 293
291        319 293 279 312
292        319 312 338 346
293        383 371 345 355
294        383 355 364 397
295        383 397 422 410
296        383 410 396 371
297        322 334 367 351
298        322 351 338 312
299        322 312 279 289
300        322 289 298 334
301        348 363 392 376
302        348 376 367 334
303        348 334 298 318
304        348 318 335 363
305        243 248 284 272
306        243 272 270 239
307        243 239 213 219
308        243 219 231 248
309        274 295 284 261
310        274 261 240 260
311        274 260 279 293
312        274 293 309 295
313        466 447 458 475
314        466 475 495 486
315        466 486 474 449
316        466 449 429 447
317        515 503 474 486
318        515 486 495 528
319        515 528 547 542
320        515 542 531 503
321        423 449 474 443
322        423 443 399 393
323        423 393 380 408
324        423 408 429 449
325        391 418 429 408
326        391 408 380 365
327        391 365 352 378
328        391 378 403 418
329        728 701 686 719
330        728 719 744 757
331        728 757 776 749
332        728 749 715 701
333        726 719 686 696
334        726 696 709 740
335        726 740 767 756
336        726 756 744 719
337        770 789 776 757
338        770 757 744 756
339        770 756 767 785
340        770 785 801 789
341        761 739 715 749
342        761 749 776 790
343        761 790 804 771
344        761 771 754 739
345        829 832 797 800
346        829 800 804 828
347        829 828 859 853
348        829 853 854 832
349        724 698 676 713
350        724 713 742 759
351        724 759 767 740
352        724 740 709 698
353        236 261 284 248
354        236 248 231 212
355        236 212 194 217
356        236 217 240 261
357        811 807 776 789
358        811 789 801 820
359        811 820 846 835
360        811 835 824 807
361        359 393 399 360
362        359 360 336 326
363        359 326 321 347
364        359 347 380 393
365        324 333 361 356
366        324 356 352 323
367        324 323 288 292
368        324 292 303 333
369        278 281 306 304
370        278 304 303 273
371        278 273 253 254
372        278 254 255 281
373        796 809 801 785
374        796 785 767 782
375        796 782 794 808
376        796 808 819 809
377        803 777 786 813
378        803 813 840 810
379        803 810 793 784
380        803 784 772 777
381        271 301 306 281
382        271 281 255 242
383        271 242 232 259
384        271 259 286 301
385        220 242 255 233
386        220 233 214 198
387        220 198 186 202
388        220 202 232 242
389        247 277 286 259
390        247 259 232 225
391        247 225 213 239
392        247 239 270 277
393        230 233 255 254
394        230 254 253 224
395        230 224 196 206
396        230 206 214 233
397        765 755 772 784
398        765 784 793 780
399        765 780 766 750
400        765 750 733 755
401        768 782 767 759
402        768 759 742 758
403        768 758 766 781
404        768 781 794 782
405        792 806 794 781
406        792 781 766 780
407        792 780 793 805
408        792 805 817 806
409        818 834 819 808
410        818 808 794 806
411        818 806 817 827
412        818 827 842 834
413        841 847 842 827
414        841 827 817 825
415        841 825 840 848
416        841 848 856 847
417        855 847 856 865
418        855 865 874 867
419        855 867 864 849
420        855 849 842 847
421        845 834 842 849
422        845 849 864 852
423        845 852 846 838
424        845 838 819 834
425        332 365 380 347
426        332 347 321 305
427        332 305 288 323
428        332 323 352 365
429        299 291 321 326
430        299 326 336 314
431        299 314 297 280
432        299 280 257 291
433        282 290 335 318
434        282 318 298 263
435        282 263 234 244
436        282 244 264 290
437        833 791 797 832
438        833 832 854 857
439        833 857 861 830
440        833 830 787 791
441        238 260 240 226
442        238 226 209 221
443        238 221 234 252
444        238 252 279 260
445        743 710 718 752
446        743 752 787 778
447        743 778 762 729
448        743 729 703 710
449        665 639 653 679
450        665 679 703 690
451        665 690 678 648
452        665 648 613 639
453        863 852 864 873
454        863 873 882 871
455        863 871 859 851
456        863 851 846 852
457        241 224 253 262
458        241 262 288 268
459        241 268 257 222
460        241 222 196 224
461        185 198 214 206
462        185 206 196 165
463        185 165 143 162
464        185 162 186 198
465        559 525 531 576
466        559 576 613 604
467        559 604 598 552
468        559 552 509 525
469        450 443 474 485
470        450 485 509 469
471        450 469 388 400
472        450 400 399 443
473        195 225 232 202
474        195 202 186 173
475        195 173 172 191
476        195 191 213 225
477        866 870 856 848
478        866 848 840 860
479        866 860 893 892
480        866 892 888 870
481        879 867 874 886
482        879 886 901 889
483        879 889 882 873
484        879 873 864 867
485        197 212 231 219
486        197 219 213 191
487        197 191 172 183
488        197 183 194 212
489        716 690 703 729
490        716 729 762 745
491        716 745 730 705
492        716 705 678 690
493        637 604 613 648
494        637 648 678 666
495        637 666 650 624
496        637 624 598 604
497        694 666 678 705
498        694 705 730 720
499        694 720 699 674
500        694 674 650 666
501        612 590 598 624
502        612 624 650 636
503        612 636 621 582
504        612 582 568 590
505        353 360 399 400
506        353 400 388 341
507        353 341 297 314
508        353 314 336 360
509        283 315 335 290
510        283 290 264 250
511        283 250 237 265
512        283 265 296 315
513        894 886 874 884
514        894 884 888 900
515        894 900 917 909
516        894 909 901 886
517        906 898 882 889
518        906 889 901 915
519        906 915 930 924
520        906 924 919 898
521        235 218 237 250
522        235 250 264 244
523        235 244 234 216
524        235 216 201 218
525        208 218 201 193
526        208 193 188 199
527        208 199 211 228
528        208 228 237 218
529        200 221 209 189
530        200 189 169 187
531        200 187 201 216
532        200 216 234 221
533        174 193 201 179
534        174 179 167 155
535        174 155 149 168
536        174 168 188 193
537        176 184 211 199
538        176 199 188 168
539        176 168 149 158
540        176 158 164 184
541        877 876 854 853
542        877 853 859 880
543        877 880 899 895
544        877 895 887 876
545        251 227 257 280
546        251 280 297 275
547        251 275 245 215
548        251 215 204 227
549        524 552 598 590
550        524 590 568 497
551        524 497 388 469
552        524 469 509 552
553        677 631 621 660
554        677 660 699 737
555        677 737 802 721
556        677 721 652 631
557        520 582 621 577
558        520 577 518 465
559        520 465 388 497
560        520 497 568 582
561        152 173 186 162
562        152 162 143 137
563        152 137 131 153
564        152 153 172 173
565        147 144 167 166
566        147 166 169 150
567        147 150 131 128
568        147 128 134 144
569        316 341 388 362
570        316 362 343 310
571        316 310 245 275
572        316 275 297 341
573        161 182 194 183
574        161 183 172 153
575        161 153 131 150
576        161 150 169 182
577        891 898 919 908
578        891 908 899 880
579        891 880 859 871
580        891 871 882 898
581        148 158 149 136
582        148 136 132 139
583        148 139 151 159
584        148 159 164 158
585        180 210 211 184
586        180 184 164 159
587        180 159 151 171
588        180 171 207 210
589        912 895 899 921
590        912 921 935 928
591        912 928 920 905
592        912 905 887 895
593        883 857 854 876
594        883 876 887 905
595        883 905 920 897
596        883 897 861 857
597        190 222 257 227
598        190 227 204 175
599        190 175 133 157
600        190 157 196 222
601        141 155 167 144
602        141 144 134 123
603        141 123 117 129
604        141 129 149 155
605        764 720 730 783
606        764 783 831 816
607        764 816 802 737
608        764 737 699 720
609        923 929 947 938
610        923 938 930 915
611        923 915 901 909
612        923 909 917 929
613        567 577 621 631
614        567 631 652 574
615        567 574 480 500
616        567 500 518 577
617        925 921 899 908
618        925 908 919 934
619        925 934 943 939
620        925 939 935 921
621        948 954 943 940
622        948 940 930 938
623        948 938 947 957
624        948 957 963 954
625        822 850 831 799
626        822 799 762 778
627        822 778 787 830
628        822 830 861 850
629        122 136 149 129
630        122 129 117 111
631        122 111 107 115
632        122 115 132 136
633        432 362 388 465
634        432 465 518 500
635        432 500 480 402
636        432 402 343 362
637        342 269 245 310
638        342 310 343 402
639        342 402 480 389
640        342 389 294 269
641        944 941 920 928
642        944 928 935 951
643        944 951 962 960
644        944 960 959 941
645        881 897 920 907
646        881 907 903 869
647        881 869 831 850
648        881 850 861 897
649        127 121 131 137
650        127 137 143 138
651        127 138 133 120
652        127 120 113 121
653        961 954 963 969
654        961 969 971 967
655        961 967 962 953
656        961 953 943 954
657        126 142 151 139
658        126 139 132 115
659        126 115 107 114
660        126 114 130 142
661        118 109 117 123
662        118 123 134 128
663        118 128 131 112
664        118 112 99 109
665        105 112 131 121
666        105 121 113 100
667        105 100 87 93
668        105 93 99 112
669        108 120 133 116
670        108 116 103 95
671        108 95 87 100
672        108 100 113 120
673        774 692 652 721
674        774 721 802 844
675        774 844 878 823
676        774 823 732 692
677        205 192 245 269
678        205 269 294 229
679        205 229 181 170
680        205 170 160 192
681        937 907 920 941
682        937 941 959 956
683        937 956 952 931
684        937 931 903 907
685        101 96 107 111
686        101 111 117 109
687        101 109 99 92
688        101 92 86 96
689        858 869 903 896
690        858 896 890 862
691        858 862 802 816
692        858 816 831 869
693        615 574 652 692
694        615 692 732 669
695        615 669 597 523
696        615 523 480 574
697        976 960 962 977
698        976 977 987 985
699        976 985 986 975
700        976 975 959 960
701        994 981 971 984
702        994 984 992 1003
703        994 1003 1008 998
704        994 998 987 981
705        91 96 86 77
706        91 77 75 81
707        91 81 89 97
708        91 97 107 96
709        922 896 903 931
710        922 931 952 950
711        922 950 942 910
712        922 910 890 896
713        76 92 99 85
714        76 85 67 64
715        76 64 56 68
716        76 68 86 92
717        79 95 103 90
718        79 90 72 61
719        79 61 53 73
720        79 73 87 95
721        885 844 802 862
722        885 862 890 910
723        885 910 942 918
724        885 918 878 844
725        65 77 86 68
726        65 68 56 54
727        65 54 49 59
728        65 59 75 77
729        51 64 67 63
730        51 63 53 42
731        51 42 30 44
732        51 44 56 64
733        69 84 89 81
734        69 81 75 59
735        69 59 49 57
736        69 57 71 84
737        60 58 83 74
738        60 74 71 57
739        60 57 49 48
740        60 48 50 58
741        40 41 50 48
742        40 48 49 43
743        40 43 30 32
744        40 32 33 41
745        47 61 72 66
746        47 66 62 35
747        47 35 29 38
748        47 38 53 61
749        435 311 294 389
750        435 389 480 523
751        435 523 597 519
752        435 519 285 311
753        974 956 959 975
754        974 975 986 989
755        974 989 990 972
756        974 972 952 956
757        970 950 952 972
758        970 972 990 983
759        970 983 980 964
760        970 964 942 950
761        999 1005 990 989
762        999 989 986 997
763        999 997 1002 1007
764        999 1007 1011 1005
765        1009 1006 1008 1014
766        1009 1014 1016 1015
767        1009 1015 1011 1007
768        1009 1007 1002 1006
769        1010 1000 990 1005
770        1010 1005 1011 1020
771        1010 1020 1030 1017
772        1010 1017 1004 1000
773        1033 1027 1032 1038
774        1033 1038 1040 1037
775        1033 1037 1034 1029
776        1033 1029 1026 1027
777        1025 1021 1026 1029
778        1025 1029 1034 1031
779        1025 1031 1030 1020
780        1025 1020 1011 1021
781        22 31 33 24
782        22 24 17 16
783        22 16 20 27
784        22 27 36 31
785        1041 1037 1040 1045
786        1041 1045 1050 1047
787        1041 1047 1042 1039
788        1041 1039 1034 1037
789        545 489 454 550
790        545 550 664 618
791        545 618 571 535
792        545 535 499 489
793        508 481 461 478
794        508 478 499 535
795        508 535 571 541
796        508 541 512 481
797        623 606 617 635
798        623 635 653 639
799        623 639 613 603
800        623 603 595 606
801        814 790 776 807
802        814 807 824 839
803        814 839 859 828
804        814 828 804 790
805        836 788 775 837
806        836 837 893 860
807        836 860 840 813
808        836 813 786 788
809        203 226 240 217
810        203 217 194 182
811        203 182 169 189
812        203 189 209 226
813        902 892 893 904
814        902 904 916 914
815        902 914 917 900
816        902 900 888 892
817        945 936 916 904
818        945 904 893 955
819        945 955 992 966
820        945 966 947 936
821        178 215 245 192
822        178 192 160 145
823        178 145 133 175
824        178 175 204 215
825        875 815 732 823
826        875 823 878 911
827        875 911 933 913
828        875 913 868 815
829        80 85 99 93
830        80 93 87 73
831        80 73 53 63
832        80 63 67 85
833        102 114 107 97
834        102 97 89 88
835        102 88 83 106
836        102 106 130 114
837        94 90 103 110
838        94 110 119 98
839        94 98 62 66
840        94 66 72 90
841        946 911 878 918
842        946 918 942 964
843        946 964 980 965
844        946 965 933 911
845        124 140 181 223
846        124 223 285 104
847        124 104 62 98
848        124 98 119 140
849        1023 1014 1008 1019
850        1023 1019 1032 1027
851        1023 1027 1026 1022
852        1023 1022 1016 1014
853        958 927 868 913
854        958 913 933 965
855        958 965 980 982
856        958 982 988 927
857        993 996 988 982
858        993 982 980 983
859        993 983 990 1000
860        993 1000 1004 996
861        1024 1044 1055 1028
862        1024 1028 988 996
863        1024 996 1004 1017
864        1024 1017 1030 1044
865        779 519 597 753
866        779 753 868 927
867        779 927 988 826
868        779 826 285 519
869        25 35 62 37
870        25 37 23 15
871        25 15 12 18
872        25 18 29 35
873        13 14 12 10
874        13 10 7 11
875        13 11 20 16
876        13 16 17 14
877        1053 1049 1042 1047
878        1053 1047 1050 1054
879        1053 1054 1057 1056
880        1053 1056 1055 1049
881        296 308 327 337
882        320 350 327 308
883        373 337 327 350
884        373 350 382 409
885        320 379 382 350
886        454 409 382 379
887        373 409 413 395
888        454 434 413 409
889        416 395 413 434
890        601 591 614 634
891        571 618 614 591
892        664 634 614 618
893        467 441 438 453
894        415 425 438 441
895        437 453 438 425
896        474 503 501 485
897        531 525 501 503
898        509 485 501 525
899        715 707 691 688
900        695 680 691 707
901        662 688 691 680
902        517 540 522 504
903        547 528 522 540
904        495 504 522 528
905        392 363 377 405
906        335 372 377 363
907        416 405 377 372
908        775 736 717 741
909        700 683 717 736
910        664 741 717 683
911        775 741 798 837
912        664 795 798 741
913        893 837 798 795
914        253 273 276 262
915        303 292 276 273
916        288 262 276 292
917        702 712 731 735
918        733 750 731 712
919        766 735 731 750
920        288 305 287 268
921        321 291 287 305
922        257 268 287 291
923        817 805 812 825
924        793 810 812 805
925        840 825 812 810
926        298 289 267 263
927        279 252 267 289
928        234 263 267 252
929        801 809 821 820
930        819 838 821 809
931        846 820 821 838
932        595 603 583 572
933        613 576 583 603
934        531 572 583 576
935        874 865 872 884
936        856 870 872 865
937        888 884 872 870
938        824 835 843 839
939        846 851 843 835
940        859 839 843 851
941        237 228 249 265
942        211 256 249 228
943        296 265 249 256
944        167 179 177 166
945        201 187 177 179
946        169 166 177 187
947        730 745 773 783
948        762 799 773 745
949        831 783 773 799
950        621 636 658 660
951        650 674 658 636
952        699 660 658 674
953        917 914 926 929
954        916 936 926 914
955        947 929 926 936
956        919 924 932 934
957        930 940 932 924
958        943 934 932 940
959        207 171 156 163
960        151 142 156 171
961        130 163 156 142
962        963 957 968 978
963        947 966 968 957
964        992 978 968 966
965        133 138 154 157
966        143 165 154 138
967        196 157 154 165
968        971 969 979 984
969        963 978 979 969
970        992 984 979 978
971        962 967 973 977
972        971 981 973 967
973        987 977 973 981
974        943 953 949 939
975        962 951 949 953
976        935 939 949 951
977        83 88 82 74
978        89 84 82 88
979        71 74 82 84
980        83 58 52 55
981        50 45 52 58
982        36 55 52 45
983        49 54 46 43
984        56 44 46 54
985        30 43 46 44
986        597 669 734 753
987        732 815 734 669
988        868 753 734 815
989        181 229 246 223
990        294 311 246 229
991        285 223 246 311
992        160 170 146 135
993        181 140 146 170
994        119 135 146 140
995        50 41 39 45
996        33 31 39 41
997        36 45 39 31
998        1008 1003 1012 1019
999        992 1013 1012 1003
1000        1032 1019 1012 1013
1001        987 998 1001 995
1002        1008 1006 1001 998
1003        1002 995 1001 1006
1004        987 995 991 985
1005        1002 997 991 995
1006        986 985 991 997
1007        33 32 26 24
1008        30 21 26 32
1009        17 24 26 21
1010        1016 1022 1018 1015
1011        1026 1021 1018 1022
1012        1011 1015 1018 1021
1013        1040 1038 1046 1052
1014        1032 1048 1046 1038
1015        1057 1052 1046 1048
1016        23 37 70 78
1017        62 104 70 37
1018        285 78 70 104
1019        53 38 34 42
1020        29 28 34 38
1021        30 42 34 28
1022        12 15 9 3
1023        23 8 9 15
1024        1 3 9 8
1025        1050 1045 1051 1054
1026        1040 1052 1051 1045
1027        1057 1054 1051 1052
1028        1030 1031 1035 1036
1029        1034 1039 1035 1031
1030        1042 1036 1035 1039
1031        1042 1049 1043 1036
1032        1055 1044 1043 1049
1033        1030 1036 1043 1044
1034        7 10 4 2
1035        12 3 4 10
1036        1 2 4 3
1037        7 2 5 11
1038        1 6 5 2
1039        20 11 5 6