1         0.000000 0.000000 0.000000
2         7.394985 4.617143 0.000000
3         3.784449 9.344348 0.000000
4         6.878938 8.146069 0.000000
5         11.969017 2.799048 0.000000
6         12.421682 0.000000 0.000000
7         10.882267 6.649304 0.000000
8         0.000000 13.066498 0.000000
9         2.064715 13.705211 0.000000
10         9.578404 10.341923 0.000000
11         15.589958 4.905102 0.000000
12         6.194145 15.526113 0.000000
13         14.508548 10.172055 0.000000
14         11.416729 16.315904 0.000000
15         3.205850 20.065066 0.000000
16         18.936489 10.276954 0.000000
17         15.226675 16.424232 0.000000
18         7.263226 22.013432 0.000000
19         10.645811 21.264784 0.000000
20         25.000000 0.000000 0.000000
21         13.718270 21.211559 0.000000
22         20.638027 14.804160 0.000000
23         0.000000 25.589520 0.000000
24         17.021465 19.426714 0.000000
25         4.564541 25.439420 0.000000
26         15.760392 21.502993 0.000000
27         25.000000 10.350685 0.000000
28         10.185018 25.518242 0.000000
29         8.016271 26.706659 0.000000
30         13.238247 25.655552 0.000000
31         21.594134 19.162305 0.000000
32         16.638986 23.613067 0.000000
33         18.816255 22.429196 0.000000
34         9.997894 28.034594 0.000000
35         6.146841 29.798957 0.000000
36         25.000000 17.684018 0.000000
37         2.757437 30.597423 0.000000
38         8.532753 29.613684 0.000000
39         21.922255 21.731846 0.000000
40         18.314181 24.952208 0.000000
41         20.250800 23.548893 0.000000
42         11.275911 28.971856 0.000000
43         16.574423 26.457948 0.000000
44         14.575960 28.155783 0.000000
45         23.214067 22.066152 0.000000
46         16.079420 27.924179 0.000000
47         7.157646 32.155752 0.000000
48         20.222849 26.165006 0.000000
49         18.665843 27.299855 0.000000
50         21.950510 25.082323 0.000000
51         13.221926 30.679300 0.000000
52         23.983503 23.766422 0.000000
53         10.199231 32.234609 0.000000
54         17.157961 29.185656 0.000000
55         25.000000 23.676616 0.000000
56         15.913674 30.656014 0.000000
57         20.318530 28.434403 0.000000
58         23.223719 26.176827 0.000000
59         19.348991 29.184499 0.000000
60         21.960864 27.325637 0.000000
61         8.600283 34.151644 0.000000
62         4.848906 34.893998 0.000000
63         12.125303 33.222015 0.000000
64         14.910528 32.367545 0.000000
65         17.972907 30.862578 0.000000
66         6.092609 35.476958 0.000000
67         13.903280 33.576953 0.000000
68         16.999605 32.178227 0.000000
69         20.717445 29.929856 0.000000
70         1.616302 36.466756 0.000000
71         21.873498 29.325569 0.000000
72         7.622713 35.834217 0.000000
73         10.737242 35.191452 0.000000
74         23.007621 28.797797 0.000000
75         20.032140 31.069143 0.000000
76         15.925983 33.688137 0.000000
77         19.188687 32.091723 0.000000
78         0.000000 37.545124 0.000000
79         9.421542 36.381997 0.000000
80         12.707078 35.391575 0.000000
81         20.878781 31.346713 0.000000
82         23.196124 30.007055 0.000000
83         25.000000 28.532926 0.000000
84         22.294186 30.744120 0.000000
85         14.674010 35.141298 0.000000
86         18.192426 33.473404 0.000000
87         11.506773 36.704076 0.000000
88         23.808577 30.226107 0.000000
89         22.207832 31.425945 0.000000
90         8.450587 37.851653 0.000000
91         20.557277 32.961765 0.000000
92         17.125716 35.026463 0.000000
93         13.466111 36.840066 0.000000
94         6.457344 38.885357 0.000000
95         10.535818 38.173732 0.000000
96         19.457340 34.589011 0.000000
97         21.849785 33.386839 0.000000
98         5.305971 39.620589 0.000000
99         15.835760 36.708405 0.000000
100         11.997245 38.395844 0.000000
101         18.587954 35.761961 0.000000
102         23.424892 32.816874 0.000000
103         9.564862 39.643388 0.000000
104         2.542318 40.785748 0.000000
105         13.814834 38.556210 0.000000
106         25.000000 32.441837 0.000000
107         21.197206 35.124719 0.000000
108         11.194098 39.565851 0.000000
109         17.760992 37.155704 0.000000
110         7.674131 40.648399 0.000000
111         20.007768 36.276665 0.000000
112         15.653190 38.588473 0.000000
113         12.487718 40.087612 0.000000
114         23.041208 35.212712 0.000000
115         21.629927 36.158369 0.000000
116         10.308211 40.921096 0.000000
117         19.238051 37.606677 0.000000
118         17.371518 38.535085 0.000000
119         6.226281 41.837996 0.000000
120         11.935116 40.772733 0.000000
121         13.729413 40.270472 0.000000
122         20.824671 37.320995 0.000000
123         18.820377 38.655457 0.000000
124         3.704063 42.865487 0.000000
125         8.448035 42.226853 0.000000
126         22.961688 36.559894 0.000000
127         13.007374 41.237564 0.000000
128         17.251515 39.740706 0.000000
129         20.230858 38.439194 0.000000
130         25.000000 35.571036 0.000000
131         15.565345 40.598058 0.000000
132         22.177439 37.462351 0.000000
133         11.051559 42.198804 0.000000
134         18.565082 39.476612 0.000000
135         6.942139 43.257324 0.000000
136         21.627386 38.180545 0.000000
137         14.038605 41.638986 0.000000
138         12.326362 42.268066 0.000000
139         22.830527 37.685992 0.000000
140         4.983673 43.825601 0.000000
141         19.808597 39.435239 0.000000
142         24.066309 37.059741 0.000000
143         13.601165 42.337327 0.000000
144         19.145024 40.162507 0.000000
145         8.954741 43.618652 0.000000
146         5.766185 44.153840 0.000000
147         18.259050 40.663532 0.000000
148         22.455320 38.544968 0.000000
149         21.052112 39.393865 0.000000
150         17.294226 41.365482 0.000000
151         23.727660 38.176755 0.000000
152         14.574887 42.523678 0.000000
153         15.717778 42.119390 0.000000
154         12.410842 43.220305 0.000000
155         20.477807 40.203384 0.000000
156         24.575887 37.931279 0.000000
157         11.815680 43.661794 0.000000
158         22.107424 39.479182 0.000000
159         23.230431 38.902170 0.000000
160         7.331208 44.810319 0.000000
161         16.870798 42.265382 0.000000
162         14.129202 43.285031 0.000000
163         25.000000 38.065112 0.000000
164         22.691215 39.580342 0.000000
165         13.090483 43.731055 0.000000
166         19.354358 41.388151 0.000000
167         20.145192 41.061615 0.000000
168         21.468521 40.466679 0.000000
169         18.481711 41.934954 0.000000
170         5.910438 45.458852 0.000000
171         24.229588 38.974541 0.000000
172         15.860082 43.090443 0.000000
173         15.057324 43.413824 0.000000
174         20.905328 40.922816 0.000000
175         10.176249 44.849745 0.000000
176         22.231049 40.397553 0.000000
177         19.797962 41.655306 0.000000
178         8.988161 45.238631 0.000000
179         20.393548 41.457034 0.000000
180         23.614804 39.744085 0.000000
181         4.437755 46.038698 0.000000
182         17.925073 42.651662 0.000000
183         16.801160 43.116592 0.000000
184         22.883510 40.269311 0.000000
185         13.717680 44.239159 0.000000
186         14.597781 44.051445 0.000000
187         19.645719 42.120740 0.000000
188         21.685596 41.152483 0.000000
189         18.717191 42.599404 0.000000
190         11.091885 45.240948 0.000000
191         15.967412 43.857381 0.000000
192         7.521656 46.096105 0.000000
193         21.227303 41.677960 0.000000
194         17.763514 43.291694 0.000000
195         15.400615 44.188598 0.000000
196         12.579801 45.124783 0.000000
197         16.710248 43.818849 0.000000
198         14.264561 44.679592 0.000000
199         22.350139 41.309049 0.000000
200         19.563982 42.704708 0.000000
201         20.725709 42.188398 0.000000
202         14.925514 44.656159 0.000000
203         18.317186 43.387908 0.000000
204         9.866175 46.071312 0.000000
205         6.092897 46.798461 0.000000
206         13.386475 45.260958 0.000000
207         25.000000 40.046047 0.000000
208         21.898600 41.823561 0.000000
209         18.967988 43.235805 0.000000
210         23.985691 40.748312 0.000000
211         22.996972 41.355265 0.000000
212         17.511332 43.961704 0.000000
213         16.102774 44.530500 0.000000
214         14.047357 45.226225 0.000000
215         9.063354 46.504114 0.000000
216         20.399050 42.763167 0.000000
217         18.083809 43.835710 0.000000
218         21.504392 42.309522 0.000000
219         16.578099 44.474312 0.000000
220         14.604776 45.161142 0.000000
221         19.474296 43.287928 0.000000
222         11.897807 45.959554 0.000000
223         2.194485 47.428577 0.000000
224         13.087754 45.657637 0.000000
225         15.676679 44.850307 0.000000
226         18.743482 43.697402 0.000000
227         10.477805 46.492701 0.000000
228         22.480706 42.030640 0.000000
229         4.662423 47.441764 0.000000
230         13.706087 45.679231 0.000000
231         17.189409 44.513410 0.000000
232         15.267943 45.257738 0.000000
233         14.281373 45.581218 0.000000
234         20.146924 43.310460 0.000000
235         21.159584 42.849101 0.000000
236         17.783126 44.393380 0.000000
237         22.291099 42.387756 0.000000
238         19.225977 43.889723 0.000000
239         16.345062 45.079574 0.000000
240         18.470465 44.265160 0.000000
241         12.586581 46.326469 0.000000
242         14.907766 45.675743 0.000000
243         16.861259 44.996263 0.000000
244         20.812770 43.399403 0.000000
245         7.705388 47.513021 0.000000
246         3.213685 48.032089 0.000000
247         15.946741 45.439812 0.000000
248         17.397854 44.904405 0.000000
249         22.766014 42.445074 0.000000
250         21.884857 42.938051 0.000000
251         9.753885 47.229123 0.000000
252         19.744726 44.039234 0.000000
253         13.568485 46.329173 0.000000
254         14.044482 46.191039 0.000000
255         14.543776 46.040714 0.000000
256         23.217763 42.360189 0.000000
257         11.365729 47.002430 0.000000
258         24.053707 41.980739 0.000000
259         15.546391 45.820165 0.000000
260         18.941405 44.534328 0.000000
261         18.139509 44.871701 0.000000
262         13.119198 46.647590 0.000000
263         20.389994 44.004189 0.000000
264         21.478615 43.488346 0.000000
265         22.599654 42.944093 0.000000
266         25.000000 41.615066 0.000000
267         20.091057 44.205233 0.000000
268         12.250787 47.030640 0.000000
269         6.281258 48.200859 0.000000
270         16.641403 45.712908 0.000000
271         15.214569 46.243378 0.000000
272         17.140859 45.589353 0.000000
273         13.837689 46.714680 0.000000
274         18.609388 45.071551 0.000000
275         9.070991 47.921199 0.000000
276         13.478449 46.880515 0.000000
277         16.218829 46.009201 0.000000
278         14.323604 46.661046 0.000000
279         19.522633 44.740505 0.000000
280         10.540223 47.670714 0.000000
281         14.808348 46.532074 0.000000
282         21.055840 44.093132 0.000000
283         22.189264 43.566871 0.000000
284         17.698443 45.576714 0.000000
285         0.000000 48.916749 0.000000
286         15.824910 46.367549 0.000000
287         12.174611 47.484913 0.000000
288         12.876226 47.308750 0.000000
289         20.136599 44.720556 0.000000
290         21.682825 44.006626 0.000000
291         11.767048 47.641365 0.000000
292         13.419820 47.225527 0.000000
293         19.092160 45.292006 0.000000
294         4.912915 48.905843 0.000000
295         18.272109 45.634689 0.000000
296         23.152239 43.376671 0.000000
297         9.884056 48.168389 0.000000
298         20.633064 44.697918 0.000000
299         11.307584 47.964320 0.000000
300         16.912214 46.289602 0.000000
301         15.486898 46.788818 0.000000
302         17.389146 46.122457 0.000000
303         14.079670 47.238868 0.000000
304         14.576769 47.163020 0.000000
305         12.525286 47.767239 0.000000
306         15.062603 47.037969 0.000000
307         16.490431 46.571527 0.000000
308         24.011372 43.199387 0.000000
309         18.845776 45.692664 0.000000
310         7.780211 48.816659 0.000000
311         2.887344 49.385455 0.000000
312         19.794836 45.355398 0.000000
313         17.940398 46.120829 0.000000
314         10.641930 48.388003 0.000000
315         22.659877 44.070922 0.000000
316         8.940635 48.774264 0.000000
317         16.095631 46.907036 0.000000
318         21.320322 44.788036 0.000000
319         19.390843 45.663304 0.000000
320         25.000000 42.855108 0.000000
321         12.260540 48.093648 0.000000
322         20.337787 45.297951 0.000000
323         13.222573 47.923397 0.000000
324         13.730045 47.793669 0.000000
325         18.506593 46.158936 0.000000
326         11.760791 48.385077 0.000000
327         24.053784 43.625188 0.000000
328         17.144688 46.791091 0.000000
329         19.018141 46.065091 0.000000
330         17.612042 46.622435 0.000000
331         15.737641 47.297111 0.000000
332         12.789767 48.181647 0.000000
333         14.321801 47.762919 0.000000
334         20.884648 45.302325 0.000000
335         22.101665 44.721663 0.000000
336         11.399804 48.607616 0.000000
337         23.580676 44.010229 0.000000
338         19.966223 45.779215 0.000000
339         16.735052 47.080271 0.000000
340         14.841201 47.714196 0.000000
341         9.952537 48.985286 0.000000
342         6.477606 49.599209 0.000000
343         7.997214 49.380140 0.000000
344         15.351269 47.624596 0.000000
345         18.167411 46.625208 0.000000
346         19.746506 46.078689 0.000000
347         12.469052 48.572962 0.000000
348         21.451179 45.339797 0.000000
349         16.364133 47.448683 0.000000
350         24.476316 43.835657 0.000000
351         20.540934 45.826146 0.000000
352         13.494254 48.409521 0.000000
353         10.815131 49.104010 0.000000
354         23.196340 44.618481 0.000000
355         18.741265 46.668190 0.000000
356         13.996631 48.327333 0.000000
357         17.349840 47.249759 0.000000
358         17.793919 47.090862 0.000000
359         12.075234 48.874723 0.000000
360         11.520092 49.098646 0.000000
361         14.543732 48.295793 0.000000
362         9.090665 49.628121 0.000000
363         22.063031 45.375528 0.000000
364         19.413747 46.572927 0.000000
365         13.090203 48.729900 0.000000
366         16.016767 47.867992 0.000000
367         21.115645 45.873076 0.000000
368         16.964267 47.567517 0.000000
369         20.215211 46.299311 0.000000
370         15.087838 48.262878 0.000000
371         18.324462 47.134554 0.000000
372         22.839463 45.125711 0.000000
373         24.138609 44.476792 0.000000
374         15.623513 48.198056 0.000000
375         17.502988 47.567726 0.000000
376         21.536714 45.893298 0.000000
377         22.528154 45.479021 0.000000
378         13.728630 48.875923 0.000000
379         25.000000 44.186559 0.000000
380         12.750665 49.141829 0.000000
381         16.622132 47.990839 0.000000
382         24.712870 44.385538 0.000000
383         18.875553 47.169503 0.000000
384         20.830330 46.350767 0.000000
385         17.856914 47.597903 0.000000
386         14.218492 48.810349 0.000000
387         20.120394 46.748668 0.000000
388         10.184116 49.876101 0.000000
389         4.963278 50.684406 0.000000
390         17.258730 47.935459 0.000000
391         13.326128 49.186603 0.000000
392         22.116255 45.928470 0.000000
393         12.306066 49.469014 0.000000
394         14.735760 48.805790 0.000000
395         23.835151 45.080236 0.000000
396         18.338735 47.636399 0.000000
397         19.496633 47.190837 0.000000
398         21.353344 46.396029 0.000000
399         11.792248 49.735177 0.000000
400         11.118900 49.890758 0.000000
401         16.281772 48.456048 0.000000
402         6.888535 50.656954 0.000000
403         13.901591 49.231378 0.000000
404         15.323239 48.815171 0.000000
405         22.667060 45.888986 0.000000
406         20.737259 46.832763 0.000000
407         17.715777 48.087098 0.000000
408         13.037647 49.562666 0.000000
409         24.518728 45.003860 0.000000
410         18.928353 47.682754 0.000000
411         14.341074 49.258132 0.000000
412         15.892069 48.786256 0.000000
413         24.206575 45.279431 0.000000
414         21.948501 46.420861 0.000000
415         16.851888 48.519495 0.000000
416         23.531693 45.683680 0.000000
417         20.130901 47.289530 0.000000
418         13.688721 49.545556 0.000000
419         18.245212 48.130384 0.000000
420         14.805446 49.305364 0.000000
421         21.298741 46.888300 0.000000
422         19.476712 47.721244 0.000000
423         12.661597 49.985153 0.000000
424         22.493561 46.428837 0.000000
425         17.426988 48.560835 0.000000
426         20.712837 47.339979 0.000000
427         16.523764 48.974309 0.000000
428         14.183028 49.707475 0.000000
429         13.412196 49.937079 0.000000
430         18.810564 48.177483 0.000000
431         15.479607 49.372677 0.000000
432         7.890387 51.154702 0.000000
433         21.855163 46.929833 0.000000
434         24.265847 45.754197 0.000000
435         3.422778 51.687138 0.000000
436         20.057358 47.784587 0.000000
437         17.978443 48.605358 0.000000
438         17.396692 48.888862 0.000000
439         14.665344 49.784857 0.000000
440         23.159895 46.451824 0.000000
441         17.093994 49.032205 0.000000
442         21.264624 47.387940 0.000000
443         12.223935 50.482291 0.000000
444         19.387214 48.224856 0.000000
445         16.195564 49.432824 0.000000
446         22.386532 46.982800 0.000000
447         13.872989 50.168508 0.000000
448         18.572479 48.656669 0.000000
449         13.090425 50.411146 0.000000
450         11.664738 50.780874 0.000000
451         20.658906 47.845563 0.000000
452         15.261131 49.852247 0.000000
453         17.669094 49.073545 0.000000
454         25.000000 45.824715 0.000000
455         21.809418 47.448165 0.000000
456         19.933779 48.280209 0.000000
457         16.769963 49.489769 0.000000
458         14.379839 50.269034 0.000000
459         23.741394 46.635323 0.000000
460         19.146219 48.703008 0.000000
461         22.895549 47.067013 0.000000
462         15.870983 49.908990 0.000000
463         21.219027 47.896235 0.000000
464         18.243880 49.125470 0.000000
465         8.957769 51.634953 0.000000
466         13.602235 50.619930 0.000000
467         17.336100 49.544915 0.000000
468         22.339247 47.520416 0.000000
469         11.139349 51.315979 0.000000
470         14.930528 50.364361 0.000000
471         20.568650 48.363412 0.000000
472         16.445913 49.948258 0.000000
473         19.721892 48.747983 0.000000
474         12.702955 51.081596 0.000000
475         14.064667 50.737491 0.000000
476         18.817208 49.175338 0.000000
477         21.778639 47.954472 0.000000
478         23.356206 47.268662 0.000000
479         17.912838 49.598196 0.000000
480         5.039815 52.545435 0.000000
481         22.846184 47.623641 0.000000
482         17.016181 50.004303 0.000000
483         21.163823 48.397942 0.000000
484         15.444188 50.515412 0.000000
485         12.176766 51.434470 0.000000
486         13.380857 51.162573 0.000000
487         16.158523 50.360531 0.000000
488         14.600089 50.840810 0.000000
489         24.183627 47.066607 0.000000
490         19.359103 49.286507 0.000000
491         22.296381 48.047975 0.000000
492         18.480138 49.658061 0.000000
493         20.360948 48.959121 0.000000
494         16.815213 50.291863 0.000000
495         13.890784 51.220445 0.000000
496         17.585701 50.073632 0.000000
497         10.088044 52.110739 0.000000
498         21.730795 48.450334 0.000000
499         23.756957 47.501403 0.000000
500         6.624578 52.698779 0.000000
501         12.433177 51.714358 0.000000
502         15.097016 51.004365 0.000000
503         12.855335 51.615544 0.000000
504         14.303939 51.261720 0.000000
505         19.040859 49.722798 0.000000
506         21.060625 48.905548 0.000000
507         15.808894 50.857588 0.000000
508         23.360970 47.873194 0.000000
509         11.776513 51.953860 0.000000
510         16.541994 50.680524 0.000000
511         18.149649 50.135913 0.000000
512         22.744310 48.233278 0.000000
513         19.856454 49.499908 0.000000
514         17.305298 50.468247 0.000000
515         13.409242 51.663384 0.000000
516         22.248979 48.522070 0.000000
517         14.878435 51.316224 0.000000
518         8.209341 52.852123 0.000000
519         1.962049 53.466301 0.000000
520         9.334340 52.695457 0.000000
521         21.658575 48.940238 0.000000
522         14.278365 51.597515 0.000000
523         3.983006 53.398149 0.000000
524         10.802347 52.445889 0.000000
525         12.314478 52.127288 0.000000
526         20.599732 49.446334 0.000000
527         18.697618 50.222710 0.000000
528         13.978330 51.738161 0.000000
529         19.483565 49.955393 0.000000
530         15.465352 51.345013 0.000000
531         12.946990 52.041742 0.000000
532         17.834813 50.589796 0.000000
533         16.208774 51.152008 0.000000
534         16.997601 50.901165 0.000000
535         23.761762 48.124654 0.000000
536         22.619116 48.696904 0.000000
537         21.114476 49.369707 0.000000
538         22.163160 48.986570 0.000000
539         20.189987 49.864499 0.000000
540         14.552827 51.792665 0.000000
541         23.215558 48.564592 0.000000
542         13.599650 52.114875 0.000000
543         22.481246 49.005204 0.000000
544         18.366629 50.695876 0.000000
545         24.312636 48.140176 0.000000
546         19.135678 50.458577 0.000000
547         14.135475 52.081070 0.000000
548         17.502115 51.055808 0.000000
549         21.689237 49.424348 0.000000
550         25.000000 47.836121 0.000000
551         15.122924 51.824355 0.000000
552         11.504701 52.751743 0.000000
553         20.779776 49.840143 0.000000
554         15.874442 51.623512 0.000000
555         16.640996 51.400082 0.000000
556         19.853546 50.288610 0.000000
557         22.978735 49.041806 0.000000
558         21.151348 49.875467 0.000000
559         12.154383 52.876616 0.000000
560         22.263837 49.478766 0.000000
561         18.020358 51.182675 0.000000
562         18.819292 50.915175 0.000000
563         14.810204 52.224781 0.000000
564         20.445073 50.310576 0.000000
565         17.161619 51.526571 0.000000
566         22.677202 49.367668 0.000000
567         7.205603 53.872520 0.000000
568         10.031372 53.425507 0.000000
569         19.542238 50.741027 0.000000
570         16.302256 51.877882 0.000000
571         23.616487 48.983843 0.000000
572         13.420309 52.699195 0.000000
573         15.521386 52.119146 0.000000
574         5.982852 54.061970 0.000000
575         21.663263 49.917568 0.000000
576         12.748155 52.901411 0.000000
577         8.560937 53.740110 0.000000
578         13.906893 52.673304 0.000000
579         20.236286 50.611783 0.000000
580         21.019832 50.365222 0.000000
581         14.423641 52.638030 0.000000
582         9.639285 53.732170 0.000000
583         13.174880 52.980624 0.000000
584         17.684304 51.651911 0.000000
585         18.470705 51.406901 0.000000
586         16.834489 51.986574 0.000000
587         19.224273 51.199413 0.000000
588         22.277373 49.956246 0.000000
589         15.967672 52.352668 0.000000
590         10.692927 53.679301 0.000000
591         23.279421 49.540709 0.000000
592         15.141423 52.644073 0.000000
593         19.953914 51.019235 0.000000
594         21.535096 50.414211 0.000000
595         13.652473 53.101110 0.000000
596         20.719349 50.791452 0.000000
597         3.023265 54.786789 0.000000
598         11.285560 53.730606 0.000000
599         17.364999 52.098617 0.000000
600         18.130993 51.882584 0.000000
601         22.984990 49.944897 0.000000
602         16.509081 52.443226 0.000000
603         13.340229 53.353433 0.000000
604         11.924043 53.696364 0.000000
605         18.886471 51.677786 0.000000
606         14.204244 53.203513 0.000000
607         19.640702 51.470766 0.000000
608         15.609312 52.854212 0.000000
609         22.169354 50.474525 0.000000
610         20.422024 51.215510 0.000000
611         21.255576 50.875544 0.000000
612         10.278894 54.179619 0.000000
613         12.716365 53.706665 0.000000
614         23.776130 49.824687 0.000000
615         4.792747 55.018747 0.000000
616         17.038470 52.554644 0.000000
617         14.693578 53.266051 0.000000
618         24.239930 49.661128 0.000000
619         17.822251 52.315036 0.000000
620         16.174752 52.906658 0.000000
621         8.912533 54.628098 0.000000
622         18.546711 52.156489 0.000000
623         13.817197 53.625335 0.000000
624         10.921980 54.322173 0.000000
625         22.744197 50.529225 0.000000
626         19.304195 51.948341 0.000000
627         21.834646 50.944960 0.000000
628         20.935980 51.344819 0.000000
629         15.267583 53.318973 0.000000
630         20.078851 51.706532 0.000000
631         7.651499 54.988769 0.000000
632         16.744550 52.959465 0.000000
633         17.535249 52.717268 0.000000
634         23.801993 50.221418 0.000000
635         14.361053 53.739900 0.000000
636         9.719474 54.780914 0.000000
637         11.597052 54.444738 0.000000
638         15.836591 53.372484 0.000000
639         13.367107 54.071214 0.000000
640         18.198517 52.644477 0.000000
641         22.409412 50.999627 0.000000
642         21.499930 51.415387 0.000000
643         18.957876 52.436082 0.000000
644         20.603828 51.821263 0.000000
645         17.309199 53.026143 0.000000
646         19.753651 52.170667 0.000000
647         14.928385 53.798356 0.000000
648         12.261576 54.506847 0.000000
649         16.405721 53.428762 0.000000
650         10.393560 54.925049 0.000000
651         23.446852 50.816429 0.000000
652         6.496605 55.597566 0.000000
653         13.979680 54.226027 0.000000
654         22.074692 51.470049 0.000000
655         17.885120 53.085114 0.000000
656         15.501765 53.843138 0.000000
657         21.165215 51.885811 0.000000
658         9.498524 55.232370 0.000000
659         20.265489 52.304534 0.000000
660         8.984578 55.381689 0.000000
661         19.415453 52.650726 0.000000
662         16.974300 53.491411 0.000000
663         18.557820 52.999134 0.000000
664         25.000000 50.299660 0.000000
665         12.940809 54.660137 0.000000
666         11.141268 55.062603 0.000000
667         14.583138 54.291414 0.000000
668         16.067442 53.891687 0.000000
669         3.820316 56.174848 0.000000
670         22.969440 51.407124 0.000000
671         21.739972 51.940472 0.000000
672         17.543422 53.540940 0.000000
673         20.835171 52.357593 0.000000
674         9.791519 55.534505 0.000000
675         15.170757 54.322615 0.000000
676         19.938911 52.776945 0.000000
677         7.991256 55.856893 0.000000
678         11.848132 55.178631 0.000000
679         13.612148 54.771448 0.000000
680         16.627341 53.952561 0.000000
681         22.585574 51.745218 0.000000
682         19.030031 53.191584 0.000000
683         24.264734 51.057141 0.000000
684         15.752504 54.373704 0.000000
685         21.405256 52.410896 0.000000
686         18.263778 53.614043 0.000000
687         14.251480 54.821451 0.000000
688         17.202825 53.993242 0.000000
689         20.504726 52.829132 0.000000
690         12.522405 55.291040 0.000000
691         16.895345 54.133398 0.000000
692         5.332377 56.459352 0.000000
693         22.266556 52.163204 0.000000
694         10.725843 55.701961 0.000000
695         16.318931 54.420042 0.000000
696         18.697558 53.663155 0.000000
697         14.895035 54.845568 0.000000
698         19.516504 53.379495 0.000000
699         9.434127 56.057426 0.000000
700         23.529468 51.814622 0.000000
701         17.776541 54.059263 0.000000
702         21.070540 52.881320 0.000000
703         13.275487 55.367788 0.000000
704         21.951465 52.568081 0.000000
705         11.386701 55.824412 0.000000
706         15.465480 54.865072 0.000000
707         16.855867 54.454392 0.000000
708         23.145602 52.152716 0.000000
709         19.268973 53.716957 0.000000
710         14.012905 55.400705 0.000000
711         16.043160 54.900661 0.000000
712         21.644224 52.946741 0.000000
713         20.223230 53.513169 0.000000
714         22.761737 52.490810 0.000000
715         17.431351 54.495072 0.000000
716         12.086666 55.939519 0.000000
717         24.258890 51.877041 0.000000
718         14.692422 55.373133 0.000000
719         18.401852 54.263548 0.000000
720         10.233487 56.388817 0.000000
721         7.017143 56.879723 0.000000
722         22.489822 52.751486 0.000000
723         20.742540 53.479706 0.000000
724         19.828101 53.832496 0.000000
725         16.581279 54.932951 0.000000
726         18.931006 54.240170 0.000000
727         15.299158 55.409759 0.000000
728         18.040473 54.595909 0.000000
729         12.945921 56.029451 0.000000
730         10.925271 56.470193 0.000000
731         21.613700 53.327448 0.000000
732         4.210080 57.397898 0.000000
733         22.143654 53.152513 0.000000
734         3.255172 57.495958 0.000000
735         21.289446 53.509769 0.000000
736         23.896684 52.420616 0.000000
737         8.871471 56.927783 0.000000
738         15.867637 55.413356 0.000000
739         17.027574 55.096892 0.000000
740         19.488162 54.278874 0.000000
741         24.584130 52.206162 0.000000
742         20.397166 53.995291 0.000000
743         13.832229 56.040446 0.000000
744         18.565553 54.669413 0.000000
745         11.625236 56.585300 0.000000
746         16.351293 55.415021 0.000000
747         23.488187 52.822205 0.000000
748         22.790620 53.137855 0.000000
749         17.697209 55.057032 0.000000
750         21.907429 53.525833 0.000000
751         23.111624 53.059766 0.000000
752         14.600589 56.005286 0.000000
753         2.585005 57.841549 0.000000
754         16.767407 55.451326 0.000000
755         22.533139 53.385992 0.000000
756         19.019834 54.737565 0.000000
757         18.296793 55.007210 0.000000
758         20.952759 54.066755 0.000000
759         20.052259 54.418041 0.000000
760         15.252512 56.040223 0.000000
761         17.314730 55.510060 0.000000
762         12.589301 56.770051 0.000000
763         15.821726 55.956510 0.000000
764         10.017045 57.355788 0.000000
765         22.257973 53.803972 0.000000
766         21.508353 54.138218 0.000000
767         19.707352 54.840791 0.000000
768         20.612131 54.522747 0.000000
769         16.455001 55.924138 0.000000
770         18.875426 55.199886 0.000000
771         16.923355 55.842065 0.000000
772         22.784399 53.785773 0.000000
773         11.639234 57.262795 0.000000
774         5.938680 58.140578 0.000000
775         24.308222 53.169252 0.000000
776         18.002284 55.627087 0.000000
777         22.987596 53.765713 0.000000
778         13.716864 56.854012 0.000000
779         1.402153 58.474527 0.000000
780         21.950527 54.257879 0.000000
781         21.167724 54.594211 0.000000
782         20.281368 54.960017 0.000000
783         11.107462 57.548080 0.000000
784         22.598111 54.089238 0.000000
785         19.412301 55.315073 0.000000
786         23.388241 53.794076 0.000000
787         14.569921 56.847701 0.000000
788         23.798840 53.655720 0.000000
789         18.695913 55.724782 0.000000
790         17.512768 56.136095 0.000000
791         15.288572 56.789336 0.000000
792         21.664617 54.678485 0.000000
793         22.362947 54.422057 0.000000
794         20.827095 55.050203 0.000000
795         25.000000 53.307767 0.000000
796         19.984815 55.405658 0.000000
797         15.974799 56.700425 0.000000
798         24.769407 53.478696 0.000000
799         12.282496 57.671733 0.000000
800         16.606170 56.595599 0.000000
801         19.186317 55.786627 0.000000
802         8.053358 58.442796 0.000000
803         22.987122 54.345150 0.000000
804         17.140754 56.484578 0.000000
805         22.147014 54.744737 0.000000
806         21.393082 55.117280 0.000000
807         18.145793 56.302116 0.000000
808         20.541190 55.493548 0.000000
809         19.704487 55.853692 0.000000
810         22.736947 54.757029 0.000000
811         18.719624 56.285530 0.000000
812         22.489432 54.914882 0.000000
813         23.373098 54.580814 0.000000
814         17.723106 56.673706 0.000000
815         3.525518 59.286266 0.000000
816         9.897843 58.565997 0.000000
817         21.968874 55.192674 0.000000
818         21.111742 55.547756 0.000000
819         20.241108 55.970576 0.000000
820         19.276113 56.343415 0.000000
821         19.629355 56.224869 0.000000
822         13.611795 58.028120 0.000000
823         4.746540 59.449043 0.000000
824         18.377625 56.740008 0.000000
825         22.538580 55.269350 0.000000
826         0.000000 59.694806 0.000000
827         21.672051 55.622201 0.000000
828         17.440567 57.097145 0.000000
829         16.854127 57.273256 0.000000
830         14.580703 57.893930 0.000000
831         11.289652 58.625967 0.000000
832         16.178308 57.473967 0.000000
833         15.406105 57.700306 0.000000
834         20.800288 56.051133 0.000000
835         18.800429 56.774431 0.000000
836         24.008741 54.838003 0.000000
837         24.521592 54.613281 0.000000
838         19.907465 56.477500 0.000000
839         18.185975 57.139877 0.000000
840         23.108287 55.346026 0.000000
841         22.224275 55.762605 0.000000
842         21.368941 56.122029 0.000000
843         18.597493 57.131806 0.000000
844         6.658659 59.774194 0.000000
845         20.479359 56.564171 0.000000
846         19.564495 56.943143 0.000000
847         21.903201 56.197870 0.000000
848         22.783268 55.960999 0.000000
849         21.092406 56.636290 0.000000
850         13.293362 58.958746 0.000000
851         18.805086 57.478564 0.000000
852         20.109459 57.111140 0.000000
853         17.175129 58.064583 0.000000
854         16.388342 58.321350 0.000000
855         21.605568 56.673595 0.000000
856         22.399650 56.369510 0.000000
857         15.576838 58.643993 0.000000
858         10.231318 59.839438 0.000000
859         18.045676 58.013986 0.000000
860         23.841027 55.893203 0.000000
861         14.663826 59.022001 0.000000
862         8.500659 60.222713 0.000000
863         19.548739 57.661064 0.000000
864         20.788424 57.227272 0.000000
865         22.092992 56.765071 0.000000
866         23.413940 56.425392 0.000000
867         21.317855 57.275420 0.000000
868         2.711973 61.100122 0.000000
869         11.818362 60.024285 0.000000
870         22.882034 56.789042 0.000000
871         18.954519 58.223954 0.000000
872         22.523951 57.009110 0.000000
873         20.325892 57.830597 0.000000
874         21.814746 57.301882 0.000000
875         3.949473 61.223591 0.000000
876         16.623093 59.102856 0.000000
877         17.437027 58.874104 0.000000
878         5.418147 61.369720 0.000000
879         21.062682 57.898931 0.000000
880         18.239346 58.916407 0.000000
881         13.608174 60.158898 0.000000
882         19.863361 58.433922 0.000000
883         15.861887 59.649168 0.000000
884         22.559421 57.461516 0.000000
885         7.375963 61.457128 0.000000
886         21.776434 57.991351 0.000000
887         16.828377 59.734222 0.000000
888         23.385871 57.497189 0.000000
889         20.751863 58.506249 0.000000
890         9.210461 61.424731 0.000000
891         19.133039 59.104398 0.000000
892         24.192935 57.232182 0.000000
893         25.000000 56.967174 0.000000
894         22.513117 58.037883 0.000000
895         17.438189 59.842026 0.000000
896         10.576806 61.432961 0.000000
897         15.181943 60.465149 0.000000
898         20.067020 59.257684 0.000000
899         18.255171 59.880909 0.000000
900         23.154293 58.164802 0.000000
901         21.715188 58.726708 0.000000
902         23.597324 58.033911 0.000000
903         12.055395 61.514971 0.000000
904         24.404389 57.768903 0.000000
905         16.146937 60.654344 0.000000
906         20.973344 59.388189 0.000000
907         13.953513 61.465651 0.000000
908         19.268386 60.024305 0.000000
909         22.506948 58.889960 0.000000
910         8.505162 62.621859 0.000000
911         4.476774 63.042556 0.000000
912         17.232182 60.878868 0.000000
913         3.128829 63.228149 0.000000
914         23.537530 58.834152 0.000000
915         21.819848 59.539052 0.000000
916         23.879263 58.749539 0.000000
917         23.120859 59.090225 0.000000
918         6.323550 63.147877 0.000000
919         20.335131 60.134897 0.000000
920         15.465496 61.574466 0.000000
921         18.228941 60.916512 0.000000
922         10.110613 63.018489 0.000000
923         22.678626 59.705023 0.000000
924         21.254645 60.249771 0.000000
925         19.350201 60.977014 0.000000
926         23.518515 59.539193 0.000000
927         1.626106 64.114855 0.000000
928         16.957531 61.855800 0.000000
929         23.210277 59.805218 0.000000
930         21.901896 60.376378 0.000000
931         11.786183 63.195216 0.000000
932         21.213070 60.832438 0.000000
933         3.614953 64.383663 0.000000
934         20.701409 61.088746 0.000000
935         18.078210 61.929256 0.000000
936         23.807738 59.978209 0.000000
937         13.724094 63.160280 0.000000
938         22.588851 60.702066 0.000000
939         19.368727 61.874712 0.000000
940         21.683156 61.158797 0.000000
941         15.728327 63.039111 0.000000
942         7.323610 64.587090 0.000000
943         20.772609 61.945967 0.000000
944         17.155936 63.054811 0.000000
945         24.384290 60.637301 0.000000
946         5.176480 65.177571 0.000000
947         23.387728 61.108146 0.000000
948         22.281832 61.630853 0.000000
949         19.273888 62.646613 0.000000
950         9.213465 64.939829 0.000000
951         18.380150 63.042106 0.000000
952         11.254631 65.087125 0.000000
953         20.070773 63.021575 0.000000
954         21.784491 62.466266 0.000000
955         25.000000 61.398824 0.000000
956         13.423253 64.944566 0.000000
957         23.037751 62.210587 0.000000
958         2.390296 66.315569 0.000000
959         15.426608 64.743727 0.000000
960         17.557735 64.282227 0.000000
961         21.104229 63.427249 0.000000
962         19.124313 64.060699 0.000000
963         22.806898 62.887057 0.000000
964         5.938357 66.716703 0.000000
965         3.561729 66.925252 0.000000
966         24.118390 62.913274 0.000000
967         20.362497 64.314449 0.000000
968         23.674546 63.216291 0.000000
969         22.161917 63.903268 0.000000
970         8.059520 67.157235 0.000000
971         21.600682 64.568198 0.000000
972         10.470249 67.369033 0.000000
973         20.090844 65.279503 0.000000
974         12.924230 67.107711 0.000000
975         14.997116 66.709003 0.000000
976         17.265205 66.159432 0.000000
977         19.138555 65.660449 0.000000
978         23.654326 64.392589 0.000000
979         23.135860 64.730566 0.000000
980         3.564555 68.748101 0.000000
981         20.771480 65.863611 0.000000
982         1.782278 69.658651 0.000000
983         6.603585 69.436081 0.000000
984         22.928883 65.951390 0.000000
985         17.309938 67.884011 0.000000
986         14.952385 68.645516 0.000000
987         19.453472 67.669088 0.000000
988         0.000000 70.569202 0.000000
989         12.767645 69.450158 0.000000
990         9.809772 70.426638 0.000000
991         17.568689 69.062009 0.000000
992         25.000000 66.736442 0.000000
993         5.159036 71.101062 0.000000
994         21.913506 67.879806 0.000000
995         18.762403 69.504511 0.000000
996         3.376758 72.011613 0.000000
997         16.254233 70.250082 0.000000
998         20.823321 69.690321 0.000000
999         14.159251 71.523408 0.000000
1000         7.692465 72.555105 0.000000
1001         20.135786 70.164465 0.000000
1002         17.891663 71.122482 0.000000
1003         23.130342 70.013904 0.000000
1004         6.753516 73.454024 0.000000
1005         11.514914 73.322810 0.000000
1006         20.232541 71.667185 0.000000
1007         16.100211 73.070580 0.000000
1008         21.704364 72.221618 0.000000
1009         18.437779 73.543665 0.000000
1010         9.214694 75.541272 0.000000
1011         13.467208 75.445852 0.000000
1012         23.901455 73.221165 0.000000
1013         25.000000 73.123151 0.000000
1014         20.058268 74.639304 0.000000
1015         16.970977 75.432735 0.000000
1016         18.714610 75.810330 0.000000
1017         6.813418 78.460224 0.000000
1018         17.264310 76.931091 0.000000
1019         23.005619 75.791443 0.000000
1020         11.011394 78.697742 0.000000
1021         15.900289 78.065826 0.000000
1022         19.124669 77.367939 0.000000
1023         21.416656 77.017555 0.000000
1024         3.434194 81.255434 0.000000
1025         13.514023 80.205712 0.000000
1026         18.362203 79.504500 0.000000
1027         22.071718 80.227083 0.000000
1028         0.000000 83.358447 0.000000
1029         16.352137 82.357151 0.000000
1030         7.849651 83.598131 0.000000
1031         10.327019 83.674237 0.000000
1032         25.000000 80.705435 0.000000
1033         19.476319 83.762029 0.000000
1034         13.560838 84.965571 0.000000
1035         9.967661 85.849939 0.000000
1036         8.171073 86.292123 0.000000
1037         16.949413 86.428539 0.000000
1038         21.888814 85.434094 0.000000
1039         11.932184 87.557021 0.000000
1040         19.809203 87.775326 0.000000
1041         14.938103 89.107696 0.000000
1042         9.954698 89.980647 0.000000
1043         5.447382 90.861415 0.000000
1044         3.546600 91.191452 0.000000
1045         18.075473 90.616109 0.000000
1046         23.269734 89.493587 0.000000
1047         12.795344 91.829117 0.000000
1048         25.000000 89.623836 0.000000
1049         6.920191 94.244329 0.000000
1050         17.180563 93.057891 0.000000
1051         20.383648 93.744073 0.000000
1052         22.404602 93.887663 0.000000
1053         12.984436 95.914558 0.000000
1054         18.887162 95.679130 0.000000
1055         0.000000 100.000000 0.000000
1056         13.847055 100.000000 0.000000
1057         25.000000 100.000000 0.000000