1        212 219 214 201
2        212 201 186 205
3        212 205 213 218
4        212 218 224 219
5        178 201 214 197
6        178 197 167 155
7        178 155 141 164
8        178 164 186 201
9        146 131 141 155
10        146 155 167 159
11        146 159 151 135
12        146 135 122 131
13        109 115 141 131
14        109 131 122 105
15        109 105 84 88
16        109 88 93 115
17        108 129 141 115
18        108 115 93 91
19        108 91 87 102
20        108 102 121 129
21        142 153 141 129
22        142 129 121 134
23        142 134 150 157
24        142 157 166 153
25        116 125 150 134
26        116 134 121 102
27        116 102 87 99
28        116 99 103 125
29        82 92 103 99
30        82 99 87 73
31        82 73 55 69
32        82 69 78 92
33        75 60 55 73
34        75 73 87 91
35        75 91 93 74
36        75 74 62 60
37        70 74 93 88
38        70 88 84 68
39        70 68 56 59
40        70 59 62 74
41        117 98 84 105
42        117 105 122 135
43        117 135 151 132
44        117 132 111 98
45        85 71 84 98
46        85 98 111 101
47        85 101 96 80
48        85 80 64 71
49        175 184 166 157
50        175 157 150 169
51        175 169 191 198
52        175 198 202 184
53        196 184 202 207
54        196 207 213 205
55        196 205 186 177
56        196 177 166 184
57        217 221 213 207
58        217 207 202 216
59        217 216 223 226
60        217 226 229 221
61        227 221 229 233
62        227 233 235 230
63        227 230 224 218
64        227 218 213 221
65        211 216 202 198
66        211 198 191 210
67        211 210 225 222
68        211 222 223 216
69        163 169 150 148
70        163 148 145 154
71        163 154 174 182
72        163 182 191 169
73        128 148 150 125
74        128 125 103 110
75        128 110 114 133
76        128 133 145 148
77        90 110 103 92
78        90 92 78 76
79        90 76 77 94
80        90 94 114 110
81        63 61 77 76
82        63 76 78 69
83        63 69 55 53
84        63 53 51 61
85        40 53 55 42
86        40 42 33 31
87        40 31 32 43
88        40 43 51 53
89        46 35 33 42
90        46 42 55 60
91        46 60 62 48
92        46 48 39 35
93        143 156 174 154
94        143 154 145 133
95        143 133 114 126
96        143 126 140 156
97        173 195 174 156
98        173 156 140 147
99        173 147 149 183
100        173 183 215 195
101        239 226 223 234
102        239 234 245 243
103        239 243 244 240
104        239 240 229 226
105        185 176 151 159
106        185 159 167 197
107        185 197 214 208
108        185 208 204 176
109        144 123 111 132
110        144 132 151 172
111        144 172 193 158
112        144 158 138 123
113        52 43 32 41
114        52 41 54 66
115        52 66 77 61
116        52 61 51 43
117        23 22 32 31
118        23 31 33 26
119        23 26 21 16
120        23 16 15 22
121        25 22 15 17
122        25 17 20 29
123        25 29 38 34
124        25 34 32 22
125        44 41 32 34
126        44 34 38 50
127        44 50 65 57
128        44 57 54 41
129        30 26 33 35
130        30 35 39 36
131        30 36 37 27
132        30 27 21 26
133        8 16 21 12
134        8 12 6 5
135        8 5 7 9
136        8 9 15 16
137        79 66 54 67
138        79 67 83 95
139        79 95 107 89
140        79 89 77 66
141        72 67 54 57
142        72 57 65 81
143        72 81 97 86
144        72 86 83 67
145        112 95 83 100
146        112 100 120 137
147        112 137 149 130
148        112 130 107 95
149        106 94 77 89
150        106 89 107 124
151        106 124 140 126
152        106 126 114 94
153        152 168 149 137
154        152 137 120 127
155        152 127 139 162
156        152 162 194 168
157        104 100 83 86
158        104 86 97 119
159        104 119 139 127
160        104 127 120 100
161        47 48 62 59
162        47 59 56 45
163        47 45 37 36
164        47 36 39 48
165        58 68 84 71
166        58 71 64 49
167        58 49 37 45
168        58 45 56 68
169        206 210 191 182
170        206 182 174 195
171        206 195 215 220
172        206 220 225 210
173        235 233 238 241
174        229 240 238 233
175        244 241 238 240
176        186 164 165 177
177        141 153 165 164
178        166 177 165 153
179        151 176 181 172
180        204 199 181 176
181        193 172 181 199
182        140 124 136 147
183        107 130 136 124
184        149 147 136 130
185        7 11 13 9
186        20 17 13 11
187        15 9 13 17
188        187 160 170 189
189        138 158 170 160
190        193 189 170 158
191        203 209 192 180
192        215 183 192 209
193        149 180 192 183
194        37 28 24 27
195        19 18 24 28
196        21 27 24 18
197        245 248 246 243
198        249 247 246 248
199        244 243 246 247
200        225 231 228 222
201        236 232 228 231
202        223 222 228 232
203        6 3 2 5
204        1 4 2 3
205        7 5 2 4
206        188 190 171 161
207        194 162 171 190
208        139 161 171 162
209        138 118 113 123
210        96 101 113 118
211        111 123 113 101
212        19 10 14 18
213        6 12 14 10
214        21 18 14 12
215        236 242 237 232
216        245 234 237 242
217        223 232 237 234
218        194 200 179 168
219        203 180 179 200
220        149 168 179 180