1         50.000000 0.000000 0.000000
3         46.428571 0.000000 0.000000
6         42.857143 0.000000 0.000000
10         39.285714 0.000000 0.000000
19         35.714286 0.000000 0.000000
28         32.142857 0.000000 0.000000
37         28.571429 0.000000 0.000000
49         25.000000 0.000000 0.000000
64         21.428571 0.000000 0.000000
80         17.857143 0.000000 0.000000
96         14.285714 0.000000 0.000000
118         10.714286 0.000000 0.000000
138         7.142857 0.000000 0.000000
160         3.571429 0.000000 0.000000
187         0.000000 0.000000 0.000000