1         50.000000 0.000000 0.000000
2         47.619048 2.380952 0.000000
3         46.428571 0.000000 0.000000
4         50.000000 3.571429 0.000000
5         46.428571 3.571429 0.000000
6         42.857143 0.000000 0.000000
7         50.000000 7.142857 0.000000
8         43.461849 6.394642 0.000000
9         46.535171 9.008541 0.000000
10         39.285714 0.000000 0.000000
11         50.000000 10.714286 0.000000
12         39.893026 3.655765 0.000000
13         47.690114 10.767599 0.000000
14         38.500113 2.437176 0.000000
15         44.033244 11.276401 0.000000
16         40.990627 9.342835 0.000000
17         46.535171 12.579970 0.000000
18         36.220379 3.046470 0.000000
19         35.714286 0.000000 0.000000
20         50.000000 14.285714 0.000000
21         36.928910 7.311529 0.000000
22         43.402262 14.505861 0.000000
23         39.786257 12.451257 0.000000
24         33.738208 2.437176 0.000000
25         46.527837 16.129962 0.000000
26         36.392982 10.343211 0.000000
27         32.750169 3.655765 0.000000
28         32.142857 0.000000 0.000000
29         50.000000 17.857143 0.000000
30         32.971372 7.872366 0.000000
31         38.960066 15.579069 0.000000
32         43.055674 17.974210 0.000000
33         35.447000 13.454215 0.000000
34         46.526920 19.698711 0.000000
35         32.489164 11.643553 0.000000
36         29.672118 5.424410 0.000000
37         28.571429 0.000000 0.000000
38         50.000000 21.428571 0.000000
39         30.772808 10.848819 0.000000
40         36.906907 17.961506 0.000000
41         43.048340 21.524202 0.000000
42         33.836191 16.180159 0.000000
43         39.208111 20.185015 0.000000
44         46.524170 23.262101 0.000000
45         26.601402 3.643062 0.000000
46         30.765474 14.398811 0.000000
47         27.702092 9.067471 0.000000
48         28.826143 11.970363 0.000000
49         25.000000 0.000000 0.000000
50         50.000000 25.000000 0.000000
51         36.899573 21.511499 0.000000
52         39.970289 23.292846 0.000000
53         33.828857 19.730151 0.000000
54         43.041005 25.074194 0.000000
55         30.758141 17.948804 0.000000
56         24.259591 7.844648 0.000000
57         46.520503 26.822811 0.000000
58         23.276665 4.527383 0.000000
59         25.018681 10.672321 0.000000
60         27.882811 16.055187 0.000000
61         36.894072 24.173993 0.000000
62         26.064199 13.566351 0.000000
63         33.821522 23.280144 0.000000
64         21.428571 0.000000 0.000000
65         50.000000 28.571429 0.000000
66         39.962955 26.842839 0.000000
67         43.033671 28.624187 0.000000
68         21.802119 8.738705 0.000000
69         30.748973 22.386294 0.000000
70         22.048840 12.210812 0.000000
71         19.951928 5.411705 0.000000
72         46.516836 30.383522 0.000000
73         26.718200 20.270149 0.000000
74         23.034758 15.257156 0.000000
75         24.429027 18.039729 0.000000
76         32.998529 26.356965 0.000000
77         36.884905 28.611483 0.000000
78         30.743472 25.048789 0.000000
79         39.955621 30.392831 0.000000
80         17.857143 0.000000 0.000000
81         50.000000 32.142857 0.000000
82         27.383730 23.655125 0.000000
83         43.026338 32.174179 0.000000
84         18.086075 9.995164 0.000000
85         16.725620 4.445367 0.000000
86         46.513169 33.944232 0.000000
87         23.832530 21.928253 0.000000
88         18.724002 13.931454 0.000000
89         36.877571 32.161475 0.000000
90         30.219666 28.632381 0.000000
91         21.293867 19.841189 0.000000
92         27.665421 26.817433 0.000000
93         19.596964 17.211732 0.000000
94         32.796984 30.904995 0.000000
95         39.948287 33.942823 0.000000
96         14.285714 0.000000 0.000000
97         50.000000 35.714286 0.000000
98         15.404627 9.041996 0.000000
99         24.330071 25.243546 0.000000
100         43.019003 35.724171 0.000000
101         13.688783 3.327767 0.000000
102         21.523988 23.254737 0.000000
103         25.327588 28.154689 0.000000
104         46.509502 37.504943 0.000000
105         14.547699 12.851961 0.000000
106         33.498958 34.088972 0.000000
107         36.870236 35.711468 0.000000
108         18.453276 21.473387 0.000000
109         15.389941 16.141960 0.000000
110         27.111169 30.605504 0.000000
111         12.333968 7.260582 0.000000
112         39.940953 37.492816 0.000000
113         11.254180 2.420194 0.000000
114         29.358167 32.908637 0.000000
115         16.152083 19.249880 0.000000
116         21.516654 26.804730 0.000000
117         12.304819 10.997934 0.000000
118         10.714286 0.000000 0.000000
119         50.000000 39.285714 0.000000
120         43.011669 39.274164 0.000000
121         18.445937 25.023382 0.000000
122         12.319246 14.360533 0.000000
123         9.738413 3.630291 0.000000
124         33.792186 37.480111 0.000000
125         22.203692 29.952274 0.000000
126         30.239539 35.900782 0.000000
127         46.505834 41.065653 0.000000
128         24.279474 32.294921 0.000000
129         16.142898 23.687370 0.000000
130         36.862902 39.261460 0.000000
131         12.311869 17.910609 0.000000
132         9.255904 9.029195 0.000000
133         26.399310 34.561596 0.000000
134         18.440436 27.685876 0.000000
135         10.011047 13.068585 0.000000
136         34.813314 39.257225 0.000000
137         39.933619 41.042808 0.000000
138         7.142857 0.000000 0.000000
139         50.000000 42.857143 0.000000
140         31.556645 38.704642 0.000000
141         12.304476 21.460789 0.000000
142         15.571079 26.690565 0.000000
143         27.386895 37.356766 0.000000
144         6.660349 5.398904 0.000000
145         24.572703 35.686061 0.000000
146         9.241001 16.129084 0.000000
147         33.784852 41.030103 0.000000
148         22.266564 34.316773 0.000000
149         36.855568 42.811452 0.000000
150         18.431269 32.123367 0.000000
151         6.177840 10.797808 0.000000
152         42.934406 44.637082 0.000000
153         12.297163 25.010679 0.000000
154         24.693538 38.130242 0.000000
155         8.465731 19.233761 0.000000
156         28.410002 40.407570 0.000000
157         15.403819 30.378335 0.000000
158         4.089161 3.745147 0.000000
159         6.170254 14.347568 0.000000
160         3.571429 0.000000 0.000000
161         50.000000 46.428571 0.000000
162         45.800323 46.264667 0.000000
163         21.782811 37.162743 0.000000
164         9.226636 23.230343 0.000000
165         10.247702 25.007119 0.000000
166         12.320881 28.589821 0.000000
167         6.161722 17.896508 0.000000
168         39.856355 46.405726 0.000000
169         18.706697 35.737115 0.000000
170         2.553438 2.438828 0.000000
171         47.409743 47.564442 0.000000
172         3.088920 8.970333 0.000000
173         30.174792 43.711563 0.000000
174         25.364184 41.313195 0.000000
175         15.503103 34.013614 0.000000
176         3.088920 12.541761 0.000000
177         9.219307 26.780336 0.000000
178         6.155724 21.448664 0.000000
179         38.475666 47.603817 0.000000
180         36.189820 47.004772 0.000000
181         2.059280 10.742127 0.000000
182         22.417735 40.805934 0.000000
183         32.713498 46.405726 0.000000
184         12.363236 32.189933 0.000000
185         3.081334 16.091521 0.000000
186         7.169427 25.592650 0.000000
187         0.000000 0.000000 0.000000
188         50.000000 50.000000 0.000000
189         0.000000 3.571429 0.000000
190         46.428571 50.000000 0.000000
191         19.109604 39.648737 0.000000
192         33.713761 47.603817 0.000000
193         0.000000 7.142857 0.000000
194         42.857143 50.000000 0.000000
195         26.806778 45.213726 0.000000
196         9.238897 30.358341 0.000000
197         3.081334 19.662949 0.000000
198         15.706683 37.819717 0.000000
199         0.000000 10.714286 0.000000
200         39.285714 50.000000 0.000000
201         3.843783 23.662932 0.000000
202         12.433348 35.837667 0.000000
203         35.714286 50.000000 0.000000
204         0.000000 14.285714 0.000000
205         6.403172 28.705862 0.000000
206         23.414341 45.099061 0.000000
207         9.250774 33.930819 0.000000
208         0.000000 17.857143 0.000000
209         32.142857 50.000000 0.000000
210         19.796011 44.159216 0.000000
211         16.095211 41.911163 0.000000
212         3.070629 26.774491 0.000000
213         6.133734 32.097964 0.000000
214         0.000000 21.428571 0.000000
215         28.571429 50.000000 0.000000
216         12.496545 39.484694 0.000000
217         9.197118 37.429304 0.000000
218         3.066867 30.334696 0.000000
219         0.000000 25.000000 0.000000
220         25.000000 50.000000 0.000000
221         6.129197 35.657836 0.000000
222         16.425826 45.551164 0.000000
223         12.260502 42.760643 0.000000
224         0.000000 28.571429 0.000000
225         21.428571 50.000000 0.000000
226         9.189785 40.979296 0.000000
227         3.063899 33.897877 0.000000
228         15.912969 47.528346 0.000000
229         6.119068 39.197949 0.000000
230         0.000000 32.142857 0.000000
231         17.857143 50.000000 0.000000
232         13.455940 47.033874 0.000000
233         3.059534 37.456117 0.000000
234         9.701680 46.380321 0.000000
235         0.000000 35.714286 0.000000
236         14.285714 50.000000 0.000000
237         11.285947 47.787974 0.000000
238         2.039689 39.256459 0.000000
239         6.630962 44.598975 0.000000
240         3.059534 41.027546 0.000000
241         0.000000 39.285714 0.000000
242         10.714286 50.000000 0.000000
243         4.081147 46.254274 0.000000
244         0.000000 42.857143 0.000000
245         7.142857 50.000000 0.000000
246         2.550768 47.560979 0.000000
247         0.000000 46.428571 0.000000
248         3.571429 50.000000 0.000000
249         0.000000 50.000000 0.000000