188         50.000000 50.000000 0.000000
190         46.428571 50.000000 0.000000
194         42.857143 50.000000 0.000000
200         39.285714 50.000000 0.000000
203         35.714286 50.000000 0.000000
209         32.142857 50.000000 0.000000
215         28.571429 50.000000 0.000000
220         25.000000 50.000000 0.000000
225         21.428571 50.000000 0.000000
231         17.857143 50.000000 0.000000
236         14.285714 50.000000 0.000000
242         10.714286 50.000000 0.000000
245         7.142857 50.000000 0.000000
248         3.571429 50.000000 0.000000
249         0.000000 50.000000 0.000000