1        1528 1550 1546 1519
2        1528 1519 1487 1492
3        1528 1492 1504 1542
4        1528 1542 1563 1550
5        1003 994 1019 1024
6        1003 1024 1033 1012
7        1003 1012 984 981
8        1003 981 967 994
9        1048 1047 1089 1092
10        1048 1092 1091 1057
11        1048 1057 1031 1025
12        1048 1025 1015 1047
13        1740 1675 1677 1728
14        1740 1728 1785 1814
15        1740 1814 1847 1750
16        1740 1750 1666 1675
17        246 258 201 191
18        246 191 180 237
19        246 237 364 352
20        246 352 392 258
21        588 557 633 642
22        588 642 678 630
23        588 630 529 462
24        588 462 429 557
25        917 868 846 883
26        917 883 919 974
27        917 974 1063 973
28        917 973 916 868
29        76 110 162 125
30        76 125 112 65
31        76 65 43 44
32        76 44 54 110
33        2273 2200 2275 2313
34        2273 2313 2338 2314
35        2273 2314 2249 2207
36        2273 2207 2115 2200
37        2328 2314 2338 2342
38        2328 2342 2348 2337
39        2328 2337 2321 2300
40        2328 2300 2249 2314
41        2343 2337 2348 2355
42        2343 2355 2361 2347
43        2343 2347 2340 2331
44        2343 2331 2321 2337
45        2356 2347 2361 2365
46        2356 2365 2370 2362
47        2356 2362 2354 2345
48        2356 2345 2340 2347
49        2372 2362 2370 2375
50        2372 2375 2379 2378
51        2372 2378 2367 2360
52        2372 2360 2354 2362
53        2334 2345 2354 2341
54        2334 2341 2326 2317
55        2334 2317 2310 2329
56        2334 2329 2340 2345
57        2322 2331 2340 2329
58        2322 2329 2310 2311
59        2322 2311 2306 2316
60        2322 2316 2321 2331
61        2305 2296 2310 2317
62        2305 2317 2326 2318
63        2305 2318 2301 2282
64        2305 2282 2265 2296
65        2330 2320 2301 2318
66        2330 2318 2326 2341
67        2330 2341 2354 2344
68        2330 2344 2336 2320
69        2239 2282 2301 2246
70        2239 2246 2188 2189
71        2239 2189 2177 2228
72        2239 2228 2265 2282
73        2233 2246 2301 2279
74        2233 2279 2255 2211
75        2233 2211 2133 2172
76        2233 2172 2188 2246
77        2103 2189 2188 2102
78        2103 2102 2030 2029
79        2103 2029 2015 2081
80        2103 2081 2177 2189
81        2083 2102 2188 2172
82        2083 2172 2133 2045
83        2083 2045 1956 2011
84        2083 2011 2030 2102
85        1961 2029 2030 1964
86        1961 1964 1913 1902
87        1961 1902 1888 1937
88        1961 1937 2015 2029
89        1941 1964 2030 2011
90        1941 2011 1956 1912
91        1941 1912 1871 1889
92        1941 1889 1913 1964
93        1869 1902 1913 1879
94        1869 1879 1843 1830
95        1869 1830 1822 1861
96        1869 1861 1888 1902
97        1853 1879 1913 1889
98        1853 1889 1871 1841
99        1853 1841 1810 1824
100        1853 1824 1843 1879
101        1811 1797 1822 1830
102        1811 1830 1843 1824
103        1811 1824 1810 1793
104        1811 1793 1779 1797
105        1778 1765 1779 1793
106        1778 1793 1810 1796
107        1778 1796 1773 1752
108        1778 1752 1737 1765
109        1745 1765 1737 1725
110        1745 1725 1704 1732
111        1745 1732 1751 1769
112        1745 1769 1779 1765
113        1823 1796 1810 1841
114        1823 1841 1871 1865
115        1823 1865 1868 1815
116        1823 1815 1773 1796
117        1730 1720 1737 1752
118        1730 1752 1773 1744
119        1730 1744 1723 1702
120        1730 1702 1689 1720
121        1705 1725 1737 1720
122        1705 1720 1689 1680
123        1705 1680 1672 1685
124        1705 1685 1704 1725
125        1724 1732 1704 1699
126        1724 1699 1694 1715
127        1724 1715 1736 1741
128        1724 1741 1751 1732
129        1674 1699 1704 1671
130        1674 1671 1636 1648
131        1674 1648 1649 1673
132        1674 1673 1694 1699
133        1707 1715 1694 1688
134        1707 1688 1683 1701
135        1707 1701 1719 1729
136        1707 1729 1736 1715
137        1669 1688 1694 1673
138        1669 1673 1649 1645
139        1669 1645 1647 1668
140        1669 1668 1683 1688
141        1622 1645 1649 1629
142        1622 1629 1599 1590
143        1622 1590 1588 1625
144        1622 1625 1647 1645
145        1619 1629 1649 1648
146        1619 1648 1636 1601
147        1619 1601 1559 1582
148        1619 1582 1599 1629
149        1573 1567 1588 1590
150        1573 1590 1599 1582
151        1573 1582 1559 1549
152        1573 1549 1546 1567
153        1634 1625 1588 1607
154        1634 1607 1628 1639
155        1634 1639 1667 1654
156        1634 1654 1647 1625
157        1596 1607 1588 1580
158        1596 1580 1563 1585
159        1596 1585 1616 1623
160        1596 1623 1628 1607
161        1638 1664 1667 1639
162        1638 1639 1628 1623
163        1638 1623 1616 1637
164        1638 1637 1661 1664
165        1678 1668 1647 1654
166        1678 1654 1667 1698
167        1678 1698 1719 1701
168        1678 1701 1683 1668
169        1691 1712 1719 1698
170        1691 1698 1667 1664
171        1691 1664 1661 1686
172        1691 1686 1714 1712
173        1749 1729 1719 1739
174        1749 1739 1768 1776
175        1749 1776 1782 1761
176        1749 1761 1736 1729
177        1734 1755 1768 1739
178        1734 1739 1719 1712
179        1734 1712 1714 1735
180        1734 1735 1747 1755
181        1742 1735 1714 1721
182        1742 1721 1731 1766
183        1742 1766 1787 1771
184        1742 1771 1747 1735
185        1690 1721 1714 1686
186        1690 1686 1661 1656
187        1690 1656 1652 1697
188        1690 1697 1731 1721
189        1781 1755 1747 1771
190        1781 1771 1787 1802
191        1781 1802 1808 1789
192        1781 1789 1768 1755
193        1556 1586 1616 1585
194        1556 1585 1563 1542
195        1556 1542 1504 1532
196        1556 1532 1557 1586
197        1784 1772 1782 1800
198        1784 1800 1822 1797
199        1784 1797 1779 1769
200        1784 1769 1751 1772
201        1817 1800 1782 1798
202        1817 1798 1808 1829
203        1817 1829 1867 1845
204        1817 1845 1822 1800
205        1780 1766 1731 1748
206        1780 1748 1775 1799
207        1780 1799 1826 1807
208        1780 1807 1787 1766
209        1603 1631 1616 1586
210        1603 1586 1557 1581
211        1603 1581 1612 1633
212        1603 1633 1652 1631
213        1709 1748 1731 1697
214        1709 1697 1652 1687
215        1709 1687 1726 1763
216        1709 1763 1775 1748
217        1816 1799 1775 1792
218        1816 1792 1813 1834
219        1816 1834 1876 1851
220        1816 1851 1826 1799
221        1838 1820 1787 1807
222        1838 1807 1826 1858
223        1838 1858 1884 1866
224        1838 1866 1857 1820
225        1783 1792 1775 1763
226        1783 1763 1726 1762
227        1783 1762 1791 1806
228        1783 1806 1813 1792
229        1832 1802 1787 1820
230        1832 1820 1857 1859
231        1832 1859 1867 1829
232        1832 1829 1808 1802
233        1878 1858 1826 1851
234        1878 1851 1876 1894
235        1878 1894 1924 1898
236        1878 1898 1884 1858
237        1892 1881 1857 1866
238        1892 1866 1884 1911
239        1892 1911 1932 1916
240        1892 1916 1907 1881
241        1935 1911 1884 1898
242        1935 1898 1924 1949
243        1935 1949 1970 1947
244        1935 1947 1932 1911
245        1974 1949 1924 1951
246        1974 1951 1968 1987
247        1974 1987 2024 1992
248        1974 1992 1970 1949
249        1944 1951 1924 1922
250        1944 1922 1917 1933
251        1944 1933 1959 1963
252        1944 1963 1968 1951
253        1915 1927 1959 1933
254        1915 1933 1917 1901
255        1915 1901 1876 1893
256        1915 1893 1910 1927
257        1988 1963 1959 1985
258        1988 1985 2012 2021
259        1988 2021 2024 1987
260        1988 1987 1968 1963
261        2041 2021 2012 2037
262        2041 2037 2059 2062
263        2041 2062 2064 2046
264        2041 2046 2024 2021
265        2004 1992 2024 2026
266        2004 2026 2028 2019
267        2004 2019 2000 1984
268        2004 1984 1970 1992
269        2049 2026 2024 2046
270        2049 2046 2064 2066
271        2049 2066 2073 2050
272        2049 2050 2028 2026
273        2076 2082 2064 2062
274        2076 2062 2059 2074
275        2076 2074 2090 2093
276        2076 2093 2098 2082
277        2086 2082 2098 2104
278        2086 2104 2108 2094
279        2086 2094 2073 2066
280        2086 2066 2064 2082
281        2048 2055 2090 2074
282        2048 2074 2059 2037
283        2048 2037 2012 2013
284        2048 2013 2007 2055
285        2126 2093 2090 2130
286        2126 2130 2151 2153
287        2126 2153 2155 2131
288        2126 2131 2098 2093
289        2134 2104 2098 2131
290        2134 2131 2155 2159
291        2134 2159 2162 2138
292        2134 2138 2108 2104
293        2035 2050 2073 2054
294        2035 2054 2031 2020
295        2035 2020 2000 2019
296        2035 2019 2028 2050
297        2061 2054 2073 2077
298        2061 2077 2084 2065
299        2061 2065 2051 2042
300        2061 2042 2031 2054
301        1996 2020 2031 2017
302        1996 2017 2002 1979
303        1996 1979 1954 1975
304        1996 1975 2000 2020
305        2025 2017 2031 2042
306        2025 2042 2051 2027
307        2025 2027 2006 2003
308        2025 2003 2002 2017
309        2097 2077 2073 2099
310        2097 2099 2119 2125
311        2097 2125 2132 2105
312        2097 2105 2084 2077
313        2068 2065 2084 2089
314        2068 2089 2091 2075
315        2068 2075 2058 2056
316        2068 2056 2051 2065
317        1962 1947 1970 1984
318        1962 1984 2000 1975
319        1962 1975 1954 1946
320        1962 1946 1932 1947
321        1977 1955 1954 1979
322        1977 1979 2002 2003
323        1977 2003 2006 1983
324        1977 1983 1957 1955
325        2120 2099 2073 2094
326        2120 2094 2108 2138
327        2120 2138 2162 2144
328        2120 2144 2119 2099
329        2110 2089 2084 2105
330        2110 2105 2132 2135
331        2110 2135 2142 2118
332        2110 2118 2091 2089
333        2034 2027 2051 2056
334        2034 2056 2058 2039
335        2034 2039 2022 2014
336        2034 2014 2006 2027
337        1929 1928 1954 1955
338        1929 1955 1957 1940
339        1929 1940 1918 1906
340        1929 1906 1907 1928
341        2147 2152 2132 2125
342        2147 2125 2119 2144
343        2147 2144 2162 2166
344        2147 2166 2173 2152
345        2078 2075 2091 2096
346        2078 2096 2101 2085
347        2078 2085 2067 2063
348        2078 2063 2058 2075
349        2124 2096 2091 2118
350        2124 2118 2142 2149
351        2124 2149 2150 2123
352        2124 2123 2101 2096
353        2111 2095 2067 2085
354        2111 2085 2101 2123
355        2111 2123 2150 2139
356        2111 2139 2127 2095
357        1989 2014 2022 1999
358        1989 1999 1969 1965
359        1989 1965 1957 1983
360        1989 1983 2006 2014
361        1978 1999 2022 2016
362        1978 2016 2015 1958
363        1978 1958 1930 1948
364        1978 1948 1969 1999
365        2156 2160 2142 2135
366        2156 2135 2132 2152
367        2156 2152 2173 2175
368        2156 2175 2178 2160
369        1945 1940 1957 1965
370        1945 1965 1969 1948
371        1945 1948 1930 1923
372        1945 1923 1918 1940
373        1903 1897 1918 1923
374        1903 1923 1930 1914
375        1903 1914 1888 1880
376        1903 1880 1867 1897
377        2191 2166 2162 2185
378        2191 2185 2204 2210
379        2191 2210 2214 2193
380        2191 2193 2173 2166
381        2148 2130 2090 2114
382        2148 2114 2136 2161
383        2148 2161 2197 2169
384        2148 2169 2151 2130
385        2181 2184 2155 2153
386        2181 2153 2151 2169
387        2181 2169 2197 2203
388        2181 2203 2204 2184
389        1938 1982 1959 1927
390        1938 1927 1910 1899
391        1938 1899 1890 1950
392        1938 1950 2007 1982
393        2176 2149 2142 2160
394        2176 2160 2178 2198
395        2176 2198 2212 2180
396        2176 2180 2150 2149
397        2164 2141 2127 2139
398        2164 2139 2150 2180
399        2164 2180 2212 2195
400        2164 2195 2177 2141
401        1887 1906 1918 1897
402        1887 1897 1867 1859
403        1887 1859 1857 1881
404        1887 1881 1907 1906
405        1885 1893 1876 1864
406        1885 1864 1855 1874
407        1885 1874 1890 1899
408        1885 1899 1910 1893
409        2080 2114 2090 2055
410        2080 2055 2007 2047
411        2080 2047 2088 2116
412        2080 2116 2136 2114
413        2213 2198 2178 2201
414        2213 2201 2214 2236
415        2213 2236 2254 2235
416        2213 2235 2212 2198
417        2154 2194 2197 2161
418        2154 2161 2136 2116
419        2154 2116 2088 2145
420        2154 2145 2186 2194
421        1833 1874 1855 1825
422        1833 1825 1791 1801
423        1833 1801 1809 1839
424        1833 1839 1890 1874
425        1526 1549 1559 1525
426        1526 1525 1503 1494
427        1526 1494 1487 1519
428        1526 1519 1546 1549
429        1660 1671 1704 1685
430        1660 1685 1672 1646
431        1660 1646 1615 1627
432        1660 1627 1636 1671
433        1640 1680 1689 1651
434        1640 1651 1614 1605
435        1640 1605 1615 1646
436        1640 1646 1672 1680
437        1566 1605 1614 1570
438        1566 1570 1535 1533
439        1566 1533 1536 1576
440        1566 1576 1615 1605
441        1587 1601 1636 1627
442        1587 1627 1615 1576
443        1587 1576 1536 1544
444        1587 1544 1559 1601
445        1512 1525 1559 1544
446        1512 1544 1536 1497
447        1512 1497 1456 1483
448        1512 1483 1503 1525
449        1472 1465 1487 1494
450        1472 1494 1503 1483
451        1472 1483 1456 1443
452        1472 1443 1438 1465
453        1727 1743 1791 1762
454        1727 1762 1726 1695
455        1727 1695 1663 1682
456        1727 1682 1700 1743
457        2229 2237 2214 2210
458        2229 2210 2204 2223
459        2229 2223 2240 2247
460        2229 2247 2251 2237
461        1670 1630 1614 1651
462        1670 1651 1689 1702
463        1670 1702 1723 1684
464        1670 1684 1644 1630
465        2219 2194 2186 2221
466        2219 2221 2243 2242
467        2219 2242 2240 2217
468        2219 2217 2197 2194
469        2250 2236 2214 2237
470        2250 2237 2251 2267
471        2250 2267 2284 2269
472        2250 2269 2254 2236
473        1547 1570 1614 1579
474        1547 1579 1561 1534
475        1547 1534 1493 1518
476        1547 1518 1535 1570
477        1498 1533 1535 1507
478        1498 1507 1474 1462
479        1498 1462 1456 1497
480        1498 1497 1536 1533
481        1433 1462 1474 1442
482        1433 1442 1407 1398
483        1433 1398 1393 1425
484        1433 1425 1456 1462
485        1460 1459 1504 1492
486        1460 1492 1487 1465
487        1460 1465 1438 1434
488        1460 1434 1435 1459
489        2262 2268 2251 2247
490        2262 2247 2240 2256
491        2262 2256 2271 2276
492        2262 2276 2277 2268
493        2281 2267 2251 2268
494        2281 2268 2277 2290
495        2281 2290 2306 2297
496        2281 2297 2284 2267
497        2285 2274 2254 2269
498        2285 2269 2284 2299
499        2285 2299 2310 2295
500        2285 2295 2283 2274
501        2257 2256 2240 2242
502        2257 2242 2243 2258
503        2257 2258 2272 2270
504        2257 2270 2271 2256
505        2292 2276 2271 2286
506        2292 2286 2303 2304
507        2292 2304 2306 2290
508        2292 2290 2277 2276
509        1522 1489 1493 1534
510        1522 1534 1561 1562
511        1522 1562 1551 1521
512        1522 1521 1496 1489
513        1452 1442 1474 1480
514        1452 1480 1493 1464
515        1452 1464 1439 1426
516        1452 1426 1407 1442
517        1417 1443 1456 1425
518        1417 1425 1393 1379
519        1417 1379 1372 1409
520        1417 1409 1438 1443
521        1764 1801 1791 1743
522        1764 1743 1700 1708
523        1764 1708 1718 1774
524        1764 1774 1809 1801
525        1653 1695 1726 1687
526        1653 1687 1652 1633
527        1653 1633 1612 1635
528        1653 1635 1663 1695
529        1641 1657 1700 1682
530        1641 1682 1663 1632
531        1641 1632 1584 1611
532        1641 1611 1626 1657
533        1662 1708 1700 1657
534        1662 1657 1626 1620
535        1662 1620 1608 1676
536        1662 1676 1718 1708
537        1555 1581 1557 1531
538        1555 1531 1486 1538
539        1555 1538 1584 1594
540        1555 1594 1612 1581
541        2232 2248 2272 2258
542        2232 2258 2243 2221
543        2232 2221 2186 2208
544        2232 2208 2224 2248
545        1606 1562 1561 1591
546        1606 1591 1644 1659
547        1606 1659 1677 1604
548        1606 1604 1551 1562
549        1505 1521 1551 1537
550        1505 1537 1506 1473
551        1505 1473 1446 1478
552        1505 1478 1496 1521
553        1463 1464 1493 1489
554        1463 1489 1496 1478
555        1463 1478 1446 1441
556        1463 1441 1439 1464
557        1414 1415 1439 1441
558        1414 1441 1446 1413
559        1414 1413 1382 1385
560        1414 1385 1388 1415
561        1397 1426 1439 1415
562        1397 1415 1388 1365
563        1397 1365 1343 1374
564        1397 1374 1407 1426
565        2128 2174 2186 2145
566        2128 2145 2088 2071
567        2128 2071 2057 2112
568        2128 2112 2167 2174
569        1706 1659 1644 1684
570        1706 1684 1723 1756
571        1706 1756 1785 1728
572        1706 1728 1677 1659
573        1448 1485 1504 1459
574        1448 1459 1435 1402
575        1448 1402 1367 1428
576        1448 1428 1486 1485
577        2259 2274 2283 2278
578        2259 2278 2265 2241
579        2259 2241 2212 2235
580        2259 2235 2254 2274
581        1790 1744 1773 1815
582        1790 1815 1868 1828
583        1790 1828 1785 1756
584        1790 1756 1723 1744
585        1357 1398 1407 1359
586        1357 1359 1334 1319
587        1357 1319 1299 1347
588        1357 1347 1393 1398
589        2222 2238 2224 2206
590        2222 2206 2167 2158
591        2222 2158 2146 2209
592        2222 2209 2249 2238
593        2018 2071 2088 2032
594        2018 2032 1966 1952
595        2018 1952 1931 1994
596        2018 1994 2057 2071
597        2092 2158 2167 2112
598        2092 2112 2057 2040
599        2092 2040 2023 2079
600        2092 2079 2146 2158
601        1986 2032 2088 2047
602        1986 2047 2007 1950
603        1986 1950 1890 1934
604        1986 1934 1966 2032
605        1905 1886 1931 1952
606        1905 1952 1966 1934
607        1905 1934 1890 1875
608        1905 1875 1856 1886
609        1967 2040 2057 1994
610        1967 1994 1931 1900
611        1967 1900 1883 1943
612        1967 1943 2023 2040
613        1862 1886 1856 1819
614        1862 1819 1795 1835
615        1862 1835 1883 1900
616        1862 1900 1931 1886
617        1717 1760 1718 1676
618        1717 1676 1608 1681
619        1717 1681 1753 1777
620        1717 1777 1795 1760
621        1571 1537 1551 1604
622        1571 1604 1677 1595
623        1571 1595 1540 1527
624        1571 1527 1506 1537
625        1447 1422 1382 1413
626        1447 1413 1446 1473
627        1447 1473 1506 1481
628        1447 1481 1455 1422
629        1350 1385 1382 1341
630        1350 1341 1313 1322
631        1350 1322 1343 1365
632        1350 1365 1388 1385
633        1488 1545 1584 1538
634        1488 1538 1486 1444
635        1488 1444 1411 1458
636        1488 1458 1515 1545
637        1560 1620 1626 1568
638        1560 1568 1515 1495
639        1560 1495 1479 1541
640        1560 1541 1608 1620
641        1406 1434 1438 1409
642        1406 1409 1372 1366
643        1406 1366 1367 1402
644        1406 1402 1435 1434
645        1980 1908 1956 2045
646        1980 2045 2133 2069
647        1980 2069 2001 1921
648        1980 1921 1868 1908
649        1321 1341 1382 1338
650        1321 1338 1309 1291
651        1321 1291 1273 1292
652        1321 1292 1313 1341
653        1348 1338 1382 1376
654        1348 1376 1369 1345
655        1348 1345 1320 1317
656        1348 1317 1309 1338
657        1405 1376 1382 1422
658        1405 1422 1455 1430
659        1405 1430 1408 1392
660        1405 1392 1369 1376
661        1342 1345 1369 1363
662        1342 1363 1362 1340
663        1342 1340 1330 1325
664        1342 1325 1320 1345
665        1300 1325 1330 1303
666        1300 1303 1271 1270
667        1300 1270 1268 1295
668        1300 1295 1320 1325
669        1280 1303 1330 1305
670        1280 1305 1279 1255
671        1280 1255 1239 1254
672        1280 1254 1271 1303
673        1247 1243 1268 1270
674        1247 1270 1271 1254
675        1247 1254 1239 1226
676        1247 1226 1224 1243
677        1210 1206 1224 1226
678        1210 1226 1239 1217
679        1210 1217 1192 1182
680        1210 1182 1178 1206
681        1200 1206 1178 1174
682        1200 1174 1177 1198
683        1200 1198 1222 1223
684        1200 1223 1224 1206
685        1240 1243 1224 1223
686        1240 1223 1222 1238
687        1240 1238 1250 1258
688        1240 1258 1268 1243
689        1233 1238 1222 1220
690        1233 1220 1216 1228
691        1233 1228 1242 1248
692        1233 1248 1250 1238
693        1205 1220 1222 1202
694        1205 1202 1189 1184
695        1205 1184 1186 1207
696        1205 1207 1216 1220
697        1158 1166 1189 1180
698        1158 1180 1177 1151
699        1158 1151 1138 1145
700        1158 1145 1144 1166
701        1215 1225 1242 1228
702        1215 1228 1216 1207
703        1215 1207 1186 1191
704        1215 1191 1203 1225
705        1261 1248 1242 1263
706        1261 1263 1283 1285
707        1261 1285 1281 1266
708        1261 1266 1250 1248
709        1275 1258 1250 1266
710        1275 1266 1281 1290
711        1275 1290 1302 1289
712        1275 1289 1268 1258
713        1159 1184 1189 1166
714        1159 1166 1144 1141
715        1159 1141 1135 1160
716        1159 1160 1186 1184
717        1234 1256 1242 1225
718        1234 1225 1203 1214
719        1234 1214 1221 1244
720        1234 1244 1273 1256
721        1169 1179 1203 1191
722        1169 1191 1186 1160
723        1169 1160 1135 1147
724        1169 1147 1162 1179
725        1148 1151 1177 1174
726        1148 1174 1178 1149
727        1148 1149 1134 1133
728        1148 1133 1138 1151
729        1121 1122 1144 1145
730        1121 1145 1138 1117
731        1121 1117 1097 1099
732        1121 1099 1100 1122
733        1139 1147 1135 1123
734        1139 1123 1107 1131
735        1139 1131 1150 1155
736        1139 1155 1162 1147
737        1183 1214 1203 1179
738        1183 1179 1162 1155
739        1183 1155 1150 1188
740        1183 1188 1221 1214
741        1118 1141 1144 1122
742        1118 1122 1100 1098
743        1118 1098 1095 1114
744        1118 1114 1135 1141
745        1231 1217 1239 1255
746        1231 1255 1279 1249
747        1231 1249 1227 1211
748        1231 1211 1192 1217
749        1154 1149 1178 1182
750        1154 1182 1192 1167
751        1154 1167 1142 1136
752        1154 1136 1134 1149
753        1110 1117 1138 1133
754        1110 1133 1134 1102
755        1110 1102 1080 1087
756        1110 1087 1097 1117
757        1078 1081 1100 1099
758        1078 1099 1097 1074
759        1078 1074 1055 1060
760        1078 1060 1067 1081
761        1079 1098 1100 1081
762        1079 1081 1067 1059
763        1079 1059 1056 1082
764        1079 1082 1095 1098
765        1323 1305 1330 1346
766        1323 1346 1360 1344
767        1323 1344 1328 1304
768        1323 1304 1279 1305
769        1260 1292 1273 1244
770        1260 1244 1221 1229
771        1260 1229 1245 1287
772        1260 1287 1313 1292
773        1391 1364 1362 1387
774        1391 1387 1408 1416
775        1391 1416 1423 1389
776        1391 1389 1360 1364
777        1126 1131 1107 1096
778        1126 1096 1091 1125
779        1126 1125 1156 1152
780        1126 1152 1150 1131
781        1195 1229 1221 1188
782        1195 1188 1150 1152
783        1195 1152 1156 1208
784        1195 1208 1245 1229
785        1298 1322 1313 1287
786        1298 1287 1245 1267
787        1298 1267 1286 1310
788        1298 1310 1343 1322
789        1181 1167 1192 1211
790        1181 1211 1227 1212
791        1181 1212 1187 1153
792        1181 1153 1142 1167
793        1109 1102 1134 1136
794        1109 1136 1142 1115
795        1109 1115 1090 1085
796        1109 1085 1080 1102
797        1042 1050 1067 1060
798        1042 1060 1055 1037
799        1042 1037 1019 1027
800        1042 1027 1032 1050
801        1039 1059 1067 1050
802        1039 1050 1032 1023
803        1039 1023 1010 1030
804        1039 1030 1056 1059
805        1045 1037 1055 1066
806        1045 1066 1080 1053
807        1045 1053 1033 1024
808        1045 1024 1019 1037
809        1016 1027 1019 1001
810        1016 1001 992 1002
811        1016 1002 1010 1023
812        1016 1023 1032 1027
813        1277 1249 1279 1304
814        1277 1304 1328 1301
815        1277 1301 1288 1253
816        1277 1253 1227 1249
817        1332 1301 1328 1351
818        1332 1351 1377 1353
819        1332 1353 1337 1315
820        1332 1315 1288 1301
821        1237 1212 1227 1253
822        1237 1253 1288 1265
823        1237 1265 1251 1219
824        1237 1219 1187 1212
825        1069 1096 1107 1083
826        1069 1083 1056 1041
827        1069 1041 1031 1057
828        1069 1057 1091 1096
829        1218 1267 1245 1208
830        1218 1208 1156 1168
831        1218 1168 1171 1236
832        1218 1236 1286 1267
833        1339 1374 1343 1310
834        1339 1310 1286 1308
835        1339 1308 1334 1359
836        1339 1359 1407 1374
837        1371 1351 1328 1344
838        1371 1344 1360 1389
839        1371 1389 1423 1400
840        1371 1400 1377 1351
841        983 1001 1019 994
842        983 994 967 958
843        983 958 947 975
844        983 975 992 1001
845        982 986 1010 1002
846        982 1002 992 975
847        982 975 947 956
848        982 956 964 986
849        1020 1041 1056 1030
850        1020 1030 1010 997
851        1020 997 988 1007
852        1020 1007 1031 1041
853        1127 1125 1091 1092
854        1127 1092 1089 1129
855        1127 1129 1171 1168
856        1127 1168 1156 1125
857        1132 1115 1142 1153
858        1132 1153 1187 1164
859        1132 1164 1137 1113
860        1132 1113 1090 1115
861        1062 1053 1080 1085
862        1062 1085 1090 1070
863        1062 1070 1049 1040
864        1062 1040 1033 1053
865        1327 1278 1251 1306
866        1327 1306 1337 1368
867        1327 1368 1412 1361
868        1327 1361 1314 1278
869        1437 1430 1455 1461
870        1437 1461 1469 1450
871        1437 1450 1423 1416
872        1437 1416 1408 1430
873        1502 1461 1455 1490
874        1502 1490 1540 1548
875        1502 1548 1554 1511
876        1502 1511 1469 1461
877        1477 1449 1423 1450
878        1477 1450 1469 1511
879        1477 1511 1554 1520
880        1477 1520 1475 1449
881        1403 1395 1337 1353
882        1403 1353 1377 1418
883        1403 1418 1457 1445
884        1403 1445 1431 1395
885        943 956 947 931
886        943 931 925 930
887        943 930 942 955
888        943 955 964 956
889        976 997 1010 986
890        976 986 964 955
891        976 955 942 962
892        976 962 988 997
893        1213 1199 1251 1278
894        1213 1278 1314 1230
895        1213 1230 1161 1140
896        1213 1140 1137 1199
897        1021 1012 1033 1040
898        1021 1040 1049 1026
899        1021 1026 1004 995
900        1021 995 984 1012
901        1610 1609 1554 1548
902        1610 1548 1540 1595
903        1610 1595 1677 1675
904        1610 1675 1666 1609
905        1500 1445 1457 1513
906        1500 1513 1600 1572
907        1500 1572 1553 1484
908        1500 1484 1431 1445
909        2070 2143 2146 2079
910        2070 2079 2023 2005
911        2070 2005 1981 2060
912        2070 2060 2140 2143
913        1272 1308 1286 1236
914        1272 1236 1171 1235
915        1272 1235 1299 1319
916        1272 1319 1334 1308
917        1336 1379 1393 1347
918        1336 1347 1299 1274
919        1336 1274 1259 1331
920        1336 1331 1372 1379
921        1326 1366 1372 1331
922        1326 1331 1259 1257
923        1326 1257 1262 1329
924        1326 1329 1367 1366
925        1197 1274 1299 1235
926        1197 1235 1171 1130
927        1197 1130 1101 1157
928        1197 1157 1259 1274
929        969 998 988 962
930        969 962 942 944
931        969 944 949 978
932        969 978 1015 998
933        1482 1429 1431 1484
934        1482 1484 1553 1558
935        1482 1558 1539 1454
936        1482 1454 1412 1429
937        936 958 967 948
938        936 948 923 912
939        936 912 902 926
940        936 926 947 958
941        911 918 942 930
942        911 930 925 905
943        911 905 886 888
944        911 888 894 918
945        1860 1920 1883 1827
946        1860 1827 1753 1805
947        1860 1805 1873 1942
948        1860 1942 1981 1920
949        2038 2121 2140 2060
950        2038 2060 1981 1942
951        2038 1942 1873 2010
952        2038 2010 2107 2121
953        1046 1088 1089 1047
954        1046 1047 1015 1014
955        1046 1014 1017 1061
956        1046 1061 1101 1088
957        1440 1495 1515 1458
958        1440 1458 1411 1384
959        1440 1384 1358 1421
960        1440 1421 1479 1495
961        1523 1589 1608 1541
962        1523 1541 1479 1467
963        1523 1467 1466 1509
964        1523 1509 1577 1589
965        1882 1828 1868 1921
966        1882 1921 2001 1925
967        1882 1925 1847 1814
968        1882 1814 1785 1828
969        909 931 947 926
970        909 926 902 889
971        909 889 886 905
972        909 905 925 931
973        1404 1349 1314 1361
974        1404 1361 1412 1454
975        1404 1454 1539 1451
976        1404 1451 1386 1349
977        954 948 967 981
978        954 981 984 960
979        954 960 941 932
980        954 932 923 948
981        1073 1026 1049 1084
982        1073 1084 1137 1140
983        1073 1140 1161 1058
984        1073 1058 1004 1026
985        968 960 984 995
986        968 995 1004 980
987        968 980 959 946
988        968 946 941 960
989        891 912 923 903
990        891 903 885 877
991        891 877 860 882
992        891 882 902 912
993        1170 1257 1259 1172
994        1170 1172 1108 1111
995        1170 1111 1112 1175
996        1170 1175 1262 1257
997        1390 1329 1262 1352
998        1390 1352 1411 1444
999        1390 1444 1486 1428
1000        1390 1428 1367 1329
1001        1960 1993 1873 1850
1002        1960 1850 1846 1973
1003        1960 1973 2129 2072
1004        1960 2072 2115 1993
1005        1282 1230 1314 1349
1006        1282 1349 1386 1333
1007        1282 1333 1246 1201
1008        1282 1201 1161 1230
1009        1103 1172 1259 1157
1010        1103 1157 1101 1061
1011        1103 1061 1017 1054
1012        1103 1054 1108 1172
1013        920 944 942 918
1014        920 918 894 896
1015        920 896 900 922
1016        920 922 949 944
1017        2168 2100 2001 2069
1018        2168 2069 2133 2211
1019        2168 2211 2255 2225
1020        2168 2225 2205 2100
1021        864 879 894 888
1022        864 888 886 861
1023        864 861 833 841
1024        864 841 858 879
1025        1692 1665 1577 1592
1026        1692 1592 1593 1722
1027        1692 1722 1873 1805
1028        1692 1805 1753 1665
1029        866 889 902 882
1030        866 882 860 849
1031        866 849 833 861
1032        866 861 886 889
1033        1318 1384 1411 1352
1034        1318 1352 1262 1175
1035        1318 1175 1112 1232
1036        1318 1232 1358 1384
1037        2044 1997 1847 1925
1038        2044 1925 2001 2100
1039        2044 2100 2205 2165
1040        2044 2165 2113 1997
1041        1757 1655 1666 1750
1042        1757 1750 1847 1872
1043        1757 1872 1909 1733
1044        1757 1733 1600 1655
1045        1471 1508 1466 1419
1046        1471 1419 1324 1427
1047        1471 1427 1569 1578
1048        1471 1578 1593 1508
1049        906 903 923 932
1050        906 932 941 910
1051        906 910 887 884
1052        906 884 885 903
1053        1043 1111 1108 1054
1054        1043 1054 1017 993
1055        1043 993 977 1035
1056        1043 1035 1112 1111
1057        2245 2165 2205 2260
1058        2245 2260 2315 2294
1059        2245 2294 2226 2171
1060        2245 2171 2113 2165
1061        1510 1424 1386 1451
1062        1510 1451 1539 1624
1063        1510 1624 1716 1583
1064        1510 1583 1468 1424
1065        2308 2279 2301 2320
1066        2308 2320 2336 2325
1067        2308 2325 2315 2289
1068        2308 2289 2255 2279
1069        859 837 860 877
1070        859 877 885 884
1071        859 884 887 854
1072        859 854 824 837
1073        1711 1850 1873 1722
1074        1711 1722 1593 1578
1075        1711 1578 1569 1710
1076        1711 1710 1846 1850
1077        1703 1658 1539 1558
1078        1703 1558 1553 1738
1079        1703 1738 1909 1844
1080        1703 1844 1786 1658
1081        875 896 894 879
1082        875 879 858 853
1083        875 853 848 873
1084        875 873 900 896
1085        1029 999 959 980
1086        1029 980 1004 1058
1087        1029 1058 1161 1106
1088        1029 1106 1051 999
1089        921 910 941 946
1090        921 946 959 940
1091        921 940 915 895
1092        921 895 887 910
1093        1173 1335 1358 1232
1094        1173 1232 1112 1071
1095        1173 1071 1044 1128
1096        1173 1128 1324 1335
1097        953 972 949 922
1098        953 922 900 935
1099        953 935 977 993
1100        953 993 1017 972
1101        2008 1872 1847 1997
1102        2008 1997 2113 2171
1103        2008 2171 2226 2053
1104        2008 2053 1909 1872
1105        825 849 860 837
1106        825 837 824 801
1107        825 801 762 802
1108        825 802 833 849
1109        831 841 833 810
1110        831 810 797 822
1111        831 822 848 853
1112        831 853 858 841
1113        1064 1119 1246 1120
1114        1064 1120 1072 1028
1115        1064 1028 985 1018
1116        1064 1018 1051 1119
1117        1146 1120 1246 1252
1118        1146 1252 1264 1176
1119        1146 1176 1094 1077
1120        1146 1077 1072 1120
1121        1022 971 985 1028
1122        1022 1028 1072 1077
1123        1022 1077 1094 1011
1124        1022 1011 965 971
1125        934 950 985 971
1126        934 971 965 929
1127        934 929 867 890
1128        934 890 915 950
1129        876 857 887 895
1130        876 895 915 890
1131        876 890 867 855
1132        876 855 836 857
1133        1696 1530 1468 1583
1134        1696 1583 1716 1849
1135        1696 1849 2009 1804
1136        1696 1804 1617 1530
1137        1401 1252 1246 1373
1138        1401 1373 1468 1530
1139        1401 1530 1617 1436
1140        1401 1436 1264 1252
1141        1840 1972 2129 1973
1142        1840 1973 1846 1710
1143        1840 1710 1569 1758
1144        1840 1758 1842 1972
1145        1998 2053 2226 2163
1146        1998 2163 2109 1919
1147        1998 1919 1786 1844
1148        1998 1844 1909 2053
1149        2349 2325 2336 2351
1150        2349 2351 2367 2373
1151        2349 2373 2376 2350
1152        2349 2350 2315 2325
1153        1877 1767 1786 1919
1154        1877 1919 2109 2033
1155        1877 2033 2009 1849
1156        1877 1849 1716 1767
1157        834 854 887 857
1158        834 857 836 819
1159        834 819 784 809
1160        834 809 824 854
1161        2117 2220 2129 1972
1162        2117 1972 1842 1939
1163        2117 1939 2137 2227
1164        2117 2227 2275 2220
1165        2380 2378 2379 2385
1166        2380 2385 2388 2384
1167        2380 2384 2376 2373
1168        2380 2373 2367 2378
1169        1770 1758 1569 1543
1170        1770 1543 1552 1818
1171        1770 1818 2137 1939
1172        1770 1939 1842 1758
1173        870 898 900 873
1174        870 873 848 840
1175        870 840 838 874
1176        870 874 904 898
1177        817 822 797 790
1178        817 790 778 813
1179        817 813 838 840
1180        817 840 848 822
1181        785 810 833 802
1182        785 802 762 745
1183        785 745 726 771
1184        785 771 797 810
1185        957 1000 977 937
1186        957 937 904 913
1187        957 913 945 996
1188        957 996 1044 1000
1189        718 702 726 745
1190        718 745 762 741
1191        718 741 722 697
1192        718 697 670 702
1193        677 644 670 697
1194        677 697 722 696
1195        677 696 679 655
1196        677 655 621 644
1197        712 696 722 731
1198        712 731 751 732
1199        712 732 713 699
1200        712 699 679 696
1201        747 732 751 763
1202        747 763 784 758
1203        747 758 737 727
1204        747 727 713 732
1205        587 655 679 608
1206        587 608 544 493
1207        587 493 364 549
1208        587 549 621 655
1209        573 577 670 644
1210        573 644 621 549
1211        573 549 364 381
1212        573 381 370 577
1213        570 638 670 577
1214        570 577 370 348
1215        570 348 322 524
1216        570 524 611 638
1217        686 661 679 699
1218        686 699 713 700
1219        686 700 687 667
1220        686 667 641 661
1221        710 700 713 727
1222        710 727 737 725
1223        710 725 711 695
1224        710 695 687 700
1225        739 725 737 752
1226        739 752 764 753
1227        739 753 743 728
1228        739 728 711 725
1229        768 773 764 752
1230        768 752 737 758
1231        768 758 784 782
1232        768 782 788 773
1233        716 698 711 728
1234        716 728 743 734
1235        716 734 719 705
1236        716 705 680 698
1237        669 695 711 691
1238        669 691 657 637
1239        669 637 622 656
1240        669 656 687 695
1241        673 691 711 698
1242        673 698 680 659
1243        673 659 626 643
1244        673 643 657 691
1245        623 607 622 637
1246        623 637 657 643
1247        623 643 626 605
1248        623 605 589 607
1249        578 605 626 590
1250        578 590 551 548
1251        578 548 539 567
1252        578 567 589 605
1253        601 580 551 590
1254        601 590 626 628
1255        601 628 639 612
1256        601 612 586 580
1257        602 612 639 624
1258        602 624 617 596
1259        602 596 564 576
1260        602 576 586 612
1261        640 624 639 649
1262        640 649 658 647
1263        640 647 636 625
1264        640 625 617 624
1265        603 625 636 609
1266        603 609 585 574
1267        603 574 564 596
1268        603 596 617 625
1269        599 609 636 627
1270        599 627 620 593
1271        599 593 547 572
1272        599 572 585 609
1273        545 574 585 554
1274        545 554 526 507
1275        545 507 487 528
1276        545 528 564 574
1277        558 576 564 537
1278        558 537 517 543
1279        558 543 552 568
1280        558 568 586 576
1281        512 537 564 528
1282        512 528 487 477
1283        512 477 460 486
1284        512 486 517 537
1285        442 477 487 448
1286        442 448 415 414
1287        442 414 411 438
1288        442 438 460 477
1289        440 448 487 468
1290        440 468 453 425
1291        440 425 399 410
1292        440 410 415 448
1293        391 414 415 393
1294        391 393 359 360
1295        391 360 358 385
1296        391 385 411 414
1297        388 393 415 410
1298        388 410 399 377
1299        388 377 349 355
1300        388 355 359 393
1301        335 360 359 336
1302        335 336 309 304
1303        335 304 302 330
1304        335 330 358 360
1305        334 336 359 355
1306        334 355 349 327
1307        334 327 299 306
1308        334 306 309 336
1309        287 304 309 291
1310        287 291 276 270
1311        287 270 260 278
1312        287 278 302 304
1313        337 330 302 312
1314        337 312 320 343
1315        337 343 372 362
1316        337 362 358 330
1317        285 291 309 306
1318        285 306 299 277
1319        285 277 257 271
1320        285 271 276 291
1321        298 312 302 286
1322        298 286 279 289
1323        298 289 297 305
1324        298 305 320 312
1325        272 286 302 278
1326        272 278 260 253
1327        272 253 248 267
1328        272 267 279 286
1329        353 343 320 332
1330        353 332 342 365
1331        353 365 384 378
1332        353 378 372 343
1333        389 385 358 362
1334        389 362 372 395
1335        389 395 418 413
1336        389 413 411 385
1337        401 395 372 378
1338        401 378 384 407
1339        401 407 434 428
1340        401 428 418 395
1341        435 438 411 413
1342        435 413 418 441
1343        435 441 466 456
1344        435 456 460 438
1345        452 441 418 428
1346        452 428 434 458
1347        452 458 483 475
1348        452 475 466 441
1349        397 417 434 407
1350        397 407 384 375
1351        397 375 357 383
1352        397 383 406 417
1353        432 443 434 417
1354        432 417 406 420
1355        432 420 436 449
1356        432 449 454 443
1357        328 347 342 319
1358        328 319 297 308
1359        328 308 325 341
1360        328 341 357 347
1361        369 394 406 383
1362        369 383 357 341
1363        369 341 325 346
1364        369 346 374 394
1365        470 458 434 443
1366        470 443 454 476
1367        470 476 504 495
1368        470 495 483 458
1369        500 492 466 475
1370        500 475 483 506
1371        500 506 520 519
1372        500 519 517 492
1373        405 420 406 394
1374        405 394 374 387
1375        405 387 398 419
1376        405 419 436 420
1377        469 449 436 455
1378        469 455 481 494
1379        469 494 504 476
1380        469 476 454 449
1381        329 354 374 346
1382        329 346 325 303
1383        329 303 290 310
1384        329 310 340 354
1385        444 467 481 455
1386        444 455 436 419
1387        444 419 398 439
1388        444 439 472 467
1389        531 536 520 516
1390        531 516 504 523
1391        531 523 539 548
1392        531 548 551 536
1393        541 536 551 553
1394        541 553 552 543
1395        541 543 517 519
1396        541 519 520 536
1397        445 439 398 409
1398        445 409 421 457
1399        445 457 496 479
1400        445 479 472 439
1401        324 327 349 356
1402        324 356 379 323
1403        324 323 282 293
1404        324 293 299 327
1405        255 270 276 271
1406        255 271 257 240
1407        255 240 226 244
1408        255 244 260 270
1409        264 289 279 267
1410        264 267 248 245
1411        264 245 241 266
1412        264 266 297 289
1413        503 508 481 467
1414        503 467 472 501
1415        503 501 530 533
1416        503 533 539 508
1417        281 303 325 308
1418        281 308 297 266
1419        281 266 241 263
1420        281 263 290 303
1421        294 326 340 310
1422        294 310 290 269
1423        294 269 254 274
1424        294 274 307 326
1425        368 366 340 326
1426        368 326 307 361
1427        368 361 421 409
1428        368 409 398 366
1429        427 396 399 425
1430        427 425 453 459
1431        427 459 464 423
1432        427 423 379 396
1433        238 253 260 244
1434        238 244 226 213
1435        238 213 209 229
1436        238 229 248 253
1437        268 277 299 293
1438        268 293 282 256
1439        268 256 234 247
1440        268 247 257 277
1441        561 567 539 533
1442        561 533 530 556
1443        561 556 575 579
1444        561 579 589 567
1445        482 457 421 447
1446        482 447 461 499
1447        482 499 532 514
1448        482 514 496 457
1449        538 556 530 515
1450        538 515 496 514
1451        538 514 532 559
1452        538 559 575 556
1453        424 447 421 404
1454        424 404 382 408
1455        424 408 431 450
1456        424 450 461 447
1457        345 404 421 361
1458        345 361 307 295
1459        345 295 283 339
1460        345 339 382 404
1461        484 518 532 499
1462        484 499 461 450
1463        484 450 431 465
1464        484 465 502 518
1465        249 269 290 263
1466        249 263 241 223
1467        249 223 211 233
1468        249 233 254 269
1469        261 295 307 274
1470        261 274 254 239
1471        261 239 218 250
1472        261 250 283 295
1473        582 594 575 559
1474        582 559 532 565
1475        582 565 583 604
1476        582 604 622 594
1477        498 459 453 491
1478        498 491 526 535
1479        498 535 547 511
1480        498 511 464 459
1481        350 373 431 408
1482        350 408 382 339
1483        350 339 283 296
1484        350 296 314 373
1485        488 465 431 451
1486        488 451 478 510
1487        488 510 550 525
1488        488 525 502 465
1489        546 565 532 518
1490        546 518 502 525
1491        546 525 550 566
1492        546 566 583 565
1493        430 380 379 423
1494        430 423 464 473
1495        430 473 474 437
1496        430 437 390 380
1497        200 213 226 204
1498        200 204 192 183
1499        200 183 174 195
1500        200 195 209 213
1501        243 256 282 273
1502        243 273 262 232
1503        243 232 206 216
1504        243 216 234 256
1505        222 240 257 247
1506        222 247 234 210
1507        222 210 192 204
1508        222 204 226 240
1509        316 323 379 380
1510        316 380 390 313
1511        316 313 262 273
1512        316 273 282 323
1513        205 223 241 220
1514        205 220 209 195
1515        205 195 174 189
1516        205 189 211 223
1517        198 215 211 190
1518        198 190 177 181
1519        198 181 185 202
1520        198 202 218 215
1521        521 473 464 511
1522        521 511 547 563
1523        521 563 571 534
1524        521 534 474 473
1525        252 259 314 296
1526        252 296 283 250
1527        252 250 218 227
1528        252 227 236 259
1529        403 451 431 373
1530        403 373 314 351
1531        403 351 392 433
1532        403 433 478 451
1533        635 604 583 615
1534        635 615 631 654
1535        635 654 687 656
1536        635 656 622 604
1537        606 615 583 566
1538        606 566 550 610
1539        606 610 641 634
1540        606 634 631 615
1541        513 562 550 510
1542        513 510 478 433
1543        513 433 392 471
1544        513 471 542 562
1545        692 671 658 672
1546        692 672 680 705
1547        692 705 719 706
1548        692 706 681 671
1549        648 627 636 664
1550        648 664 681 668
1551        648 668 651 629
1552        648 629 620 627
1553        600 563 547 593
1554        600 593 620 629
1555        600 629 651 619
1556        600 619 571 563
1557        522 446 474 534
1558        522 534 571 584
1559        522 584 581 490
1560        522 490 416 446
1561        311 313 390 386
1562        311 386 416 333
1563        311 333 242 251
1564        311 251 262 313
1565        618 610 550 562
1566        618 562 542 616
1567        618 616 679 661
1568        618 661 641 610
1569        208 227 218 202
1570        208 202 185 194
1571        208 194 201 214
1572        208 214 236 227
1573        173 190 211 189
1574        173 189 174 152
1575        173 152 138 157
1576        173 157 177 190
1577        166 181 177 163
1578        166 163 147 151
1579        166 151 158 171
1580        166 171 185 181
1581        170 160 174 183
1582        170 183 192 178
1583        170 178 167 161
1584        170 161 150 160
1585        221 232 262 251
1586        221 251 242 207
1587        221 207 176 193
1588        221 193 206 232
1589        196 210 234 216
1590        196 216 206 184
1591        196 184 167 178
1592        196 178 192 210
1593        144 163 177 157
1594        144 157 138 126
1595        144 126 117 134
1596        144 134 147 163
1597        179 194 185 171
1598        179 171 158 165
1599        179 165 180 191
1600        179 191 201 194
1601        632 584 571 619
1602        632 619 651 666
1603        632 666 682 646
1604        632 646 581 584
1605        172 184 206 193
1606        172 193 176 154
1607        172 154 131 148
1608        172 148 167 184
1609        130 142 150 139
1610        130 139 131 118
1611        130 118 106 120
1612        130 120 138 142
1613        137 151 147 136
1614        137 136 119 123
1615        137 123 129 145
1616        137 145 158 151
1617        721 704 681 706
1618        721 706 719 738
1619        721 738 760 742
1620        721 742 720 704
1621        703 666 651 693
1622        703 693 720 744
1623        703 744 765 724
1624        703 724 682 666
1625        665 614 581 646
1626        665 646 682 694
1627        665 694 707 675
1628        665 675 633 614
1629        197 207 242 230
1630        197 230 225 186
1631        197 186 156 164
1632        197 164 176 207
1633        756 738 719 734
1634        756 734 743 770
1635        756 770 792 772
1636        756 772 760 738
1637        155 165 158 145
1638        155 145 129 140
1639        155 140 159 169
1640        155 169 180 165
1641        766 744 720 742
1642        766 742 760 786
1643        766 786 805 787
1644        766 787 765 744
1645        109 126 138 120
1646        109 120 106 96
1647        109 96 82 101
1648        109 101 117 126
1649        100 115 117 101
1650        100 101 82 84
1651        100 84 91 104
1652        100 104 119 115
1653        412 317 242 333
1654        412 333 416 490
1655        412 490 581 485
1656        412 485 402 317
1657        280 230 242 317
1658        280 317 402 400
1659        280 400 429 284
1660        280 284 225 230
1661        108 123 119 104
1662        108 104 91 95
1663        108 95 103 116
1664        108 116 129 123
1665        527 485 581 614
1666        527 614 633 557
1667        527 557 429 400
1668        527 400 402 485
1669        793 774 764 773
1670        793 773 788 804
1671        793 804 830 814
1672        793 814 792 774
1673        87 74 82 96
1674        87 96 106 97
1675        87 97 88 77
1676        87 77 71 74
1677        729 694 682 723
1678        729 723 748 759
1679        729 759 781 740
1680        729 740 707 694
1681        288 224 225 284
1682        288 284 429 462
1683        288 462 529 344
1684        288 344 235 224
1685        107 97 106 118
1686        107 118 131 122
1687        107 122 113 99
1688        107 99 88 97
1689        67 77 88 80
1690        67 80 75 59
1691        67 59 47 61
1692        67 61 71 77
1693        92 80 88 99
1694        92 99 113 105
1695        92 105 98 81
1696        92 81 75 80
1697        800 786 760 772
1698        800 772 792 820
1699        800 820 847 826
1700        800 826 805 786
1701        807 791 765 787
1702        807 787 805 827
1703        807 827 845 828
1704        807 828 806 791
1705        776 757 765 791
1706        776 791 806 794
1707        776 794 781 759
1708        776 759 748 757
1709        736 701 707 740
1710        736 740 781 777
1711        736 777 769 717
1712        736 717 678 701
1713        182 186 225 224
1714        182 224 235 199
1715        182 199 132 143
1716        182 143 156 186
1717        141 164 156 133
1718        141 133 113 122
1719        141 122 131 154
1720        141 154 176 164
1721        121 105 113 133
1722        121 133 156 143
1723        121 143 132 111
1724        121 111 98 105
1725        62 64 82 74
1726        62 74 71 61
1727        62 61 47 48
1728        62 48 50 64
1729        127 140 129 116
1730        127 116 103 114
1731        127 114 135 146
1732        127 146 159 140
1733        219 237 180 169
1734        219 169 159 212
1735        219 212 370 381
1736        219 381 364 237
1737        83 95 91 78
1738        83 78 66 72
1739        83 72 79 90
1740        83 90 103 95
1741        68 58 66 78
1742        68 78 91 84
1743        68 84 82 64
1744        68 64 50 58
1745        683 702 670 638
1746        683 638 611 650
1747        683 650 688 709
1748        683 709 726 702
1749        844 827 805 826
1750        844 826 847 869
1751        844 869 899 872
1752        844 872 845 827
1753        850 829 806 828
1754        850 828 845 871
1755        850 871 893 865
1756        850 865 852 829
1757        56 42 47 59
1758        56 59 75 70
1759        56 70 73 52
1760        56 52 46 42
1761        37 38 50 48
1762        37 48 47 35
1763        37 35 26 27
1764        37 27 30 38
1765        33 45 50 38
1766        33 38 30 24
1767        33 24 21 31
1768        33 31 40 45
1769        36 35 47 42
1770        36 42 46 34
1771        36 34 23 25
1772        36 25 26 35
1773        55 72 66 53
1774        55 53 40 39
1775        55 39 43 57
1776        55 57 79 72
1777        102 114 103 90
1778        102 90 79 89
1779        102 89 112 124
1780        102 124 135 114
1781        815 782 784 819
1782        815 819 836 832
1783        815 832 830 804
1784        815 804 788 782
1785        203 146 135 188
1786        203 188 322 348
1787        203 348 370 212
1788        203 212 159 146
1789        560 524 322 300
1790        560 300 315 598
1791        560 598 688 650
1792        560 650 611 524
1793        613 676 688 598
1794        613 598 315 367
1795        613 367 422 645
1796        613 645 708 676
1797        754 709 688 735
1798        754 735 778 790
1799        754 790 797 771
1800        754 771 726 709
1801        689 597 529 630
1802        689 630 678 717
1803        689 717 769 746
1804        689 746 684 597
1805        835 820 792 814
1806        835 814 830 842
1807        835 842 867 862
1808        835 862 847 820
1809        892 862 867 927
1810        892 927 963 933
1811        892 933 899 869
1812        892 869 847 862
1813        823 794 806 829
1814        823 829 852 851
1815        823 851 846 818
1816        823 818 781 794
1817        20 27 26 16
1818        20 16 9 14
1819        20 14 21 24
1820        20 24 30 27
1821        901 871 845 872
1822        901 872 899 938
1823        901 938 991 939
1824        901 939 893 871
1825        880 865 893 907
1826        880 907 919 883
1827        880 883 846 851
1828        880 851 852 865
1829        168 175 315 300
1830        168 300 322 188
1831        168 188 135 124
1832        168 124 112 175
1833        1075 1036 1094 1185
1834        1075 1185 1380 1163
1835        1075 1163 991 989
1836        1075 989 963 1036
1837        2287 2263 2109 2163
1838        2287 2163 2226 2312
1839        2287 2312 2339 2333
1840        2287 2333 2327 2263
1841        961 907 893 939
1842        961 939 991 1038
1843        961 1038 1105 990
1844        961 990 919 907
1845        1068 1209 1324 1128
1846        1068 1128 1044 996
1847        1068 996 945 1006
1848        1068 1006 1124 1209
1849        1394 1427 1324 1209
1850        1394 1209 1124 1356
1851        1394 1356 1552 1543
1852        1394 1543 1569 1427
1853        28 39 40 31
1854        28 31 21 18
1855        28 18 19 29
1856        28 29 43 39
1857        1514 1355 1264 1436
1858        1514 1436 1617 1746
1859        1514 1746 1870 1598
1860        1514 1598 1380 1355
1861        13 12 19 18
1862        13 18 21 14
1863        13 14 9 6
1864        13 6 5 12
1865        2244 2033 2109 2263
1866        2244 2263 2327 2319
1867        2244 2319 2323 2234
1868        2244 2234 2009 2033
1869        881 913 904 874
1870        881 874 838 839
1871        881 839 856 897
1872        881 897 945 913
1873        796 813 778 730
1874        796 730 708 779
1875        796 779 856 839
1876        796 839 838 813
1877        952 1052 1124 1006
1878        952 1006 945 897
1879        952 897 856 908
1880        952 908 1005 1052
1881        714 645 422 595
1882        714 595 685 780
1883        714 780 856 779
1884        714 779 708 645
1885        2231 2230 1870 1990
1886        2231 1990 2009 2234
1887        2231 2234 2323 2324
1888        2231 2324 2332 2230
1889        1284 1356 1124 1052
1890        1284 1052 1005 1196
1891        1284 1196 1420 1491
1892        1284 1491 1552 1356
1893        1713 1476 1380 1598
1894        1713 1598 1870 1976
1895        1713 1976 2122 1803
1896        1713 1803 1574 1476
1897        1852 1803 2122 2183
1898        1852 2183 2157 1854
1899        1852 1854 1613 1618
1900        1852 1618 1574 1803
1901        1316 1163 1380 1476
1902        1316 1476 1574 1375
1903        1316 1375 1105 1038
1904        1316 1038 991 1163
1905        1383 1104 1105 1396
1906        1383 1396 1613 1643
1907        1383 1643 1896 1370
1908        1383 1370 1063 1104
1909        821 863 928 878
1910        821 878 856 780
1911        821 780 685 755
1912        821 755 812 863
1913        1190 1196 1005 979
1914        1190 979 928 1165
1915        1190 1165 1895 1524
1916        1190 1524 1420 1196
1917        2377 2365 2361 2374
1918        2377 2374 2383 2382
1919        2377 2382 2379 2375
1920        2377 2375 2370 2365
1921        2043 2039 2058 2063
1922        2043 2063 2067 2052
1923        2043 2052 2015 2016
1924        2043 2016 2022 2039
1925        2087 2141 2177 2081
1926        2087 2081 2015 2052
1927        2087 2052 2067 2095
1928        2087 2095 2127 2141
1929        1831 1864 1876 1834
1930        1831 1834 1813 1806
1931        1831 1806 1791 1825
1932        1831 1825 1855 1864
1933        1794 1774 1718 1760
1934        1794 1760 1795 1819
1935        1794 1819 1856 1821
1936        1794 1821 1809 1774
1937        2288 2286 2271 2270
1938        2288 2270 2272 2298
1939        2288 2298 2321 2307
1940        2288 2307 2303 2286
1941        1276 1263 1242 1256
1942        1276 1256 1273 1291
1943        1276 1291 1309 1294
1944        1276 1294 1283 1263
1945        1293 1285 1283 1294
1946        1293 1294 1309 1307
1947        1293 1307 1302 1290
1948        1293 1290 1281 1285
1949        1093 1123 1135 1114
1950        1093 1114 1095 1082
1951        1093 1082 1056 1083
1952        1093 1083 1107 1123
1953        1432 1449 1475 1470
1954        1432 1470 1457 1418
1955        1432 1418 1377 1400
1956        1432 1400 1423 1449
1957        1517 1520 1554 1565
1958        1517 1565 1600 1513
1959        1517 1513 1457 1470
1960        1517 1470 1475 1520
1961        1410 1467 1479 1421
1962        1410 1421 1358 1335
1963        1410 1335 1324 1419
1964        1410 1419 1466 1467
1965        970 999 1051 1018
1966        970 1018 985 950
1967        970 950 915 940
1968        970 940 959 999
1969        966 1011 1094 1036
1970        966 1036 963 927
1971        966 927 867 929
1972        966 929 965 1011
1973        761 741 762 775
1974        761 775 789 783
1975        761 783 784 750
1976        761 750 722 741
1977        265 351 314 259
1978        265 259 236 214
1979        265 214 201 258
1980        265 258 392 351
1981        463 540 542 471
1982        463 471 392 352
1983        463 352 364 493
1984        463 493 544 540
1985        331 199 235 344
1986        331 344 529 597
1987        331 597 684 321
1988        331 321 132 199
1989        2389 2385 2379 2382
1990        2389 2382 2383 2392
1991        2389 2392 2399 2395
1992        2389 2395 2388 2385
1993        816 746 769 811
1994        816 811 846 868
1995        816 868 916 808
1996        816 808 684 746
1997        2387 2384 2388 2391
1998        2387 2391 2393 2390
1999        2387 2390 2386 2381
2000        2387 2381 2376 2384
2001        2335 2312 2226 2294
2002        2335 2294 2315 2350
2003        2335 2350 2376 2368
2004        2335 2368 2339 2312
2005        187 367 315 175
2006        187 175 112 125
2007        187 125 162 217
2008        187 217 422 367
2009        10 12 5 2
2010        10 2 1 11
2011        10 11 54 22
2012        10 22 19 12
2013        2363 2368 2376 2381
2014        2363 2381 2386 2358
2015        2363 2358 2327 2333
2016        2363 2333 2339 2368
2017        292 301 162 110
2018        292 110 54 275
2019        292 275 812 755
2020        292 755 685 301
2021        1754 1818 1552 1491
2022        1754 1491 1420 1524
2023        1754 1524 1895 1991
2024        1754 1991 2137 1818
2025        2348 2342 2359 2371
2026        2338 2364 2359 2342
2027        2383 2371 2359 2364
2028        2361 2355 2369 2374
2029        2348 2371 2369 2355
2030        2383 2374 2369 2371
2031        1782 1776 1788 1798
2032        1768 1789 1788 1776
2033        1808 1798 1788 1789
2034        1736 1761 1759 1741
2035        1782 1772 1759 1761
2036        1751 1741 1759 1772
2037        1661 1637 1642 1656
2038        1616 1631 1642 1637
2039        1652 1656 1642 1631
2040        1588 1567 1564 1580
2041        1546 1550 1564 1567
2042        1563 1580 1564 1550
2043        1917 1922 1904 1901
2044        1924 1894 1904 1922
2045        1876 1901 1904 1894
2046        2012 1985 1995 2013
2047        1959 1982 1995 1985
2048        2007 2013 1995 1982
2049        1932 1946 1926 1916
2050        1954 1928 1926 1946
2051        1907 1916 1926 1928
2052        2162 2159 2179 2185
2053        2155 2184 2179 2159
2054        2204 2185 2179 2184
2055        2178 2175 2190 2201
2056        2173 2193 2190 2175
2057        2214 2201 2190 2193
2058        1867 1880 1863 1845
2059        1888 1861 1863 1880
2060        1822 1845 1863 1861
2061        1888 1914 1936 1937
2062        1930 1958 1936 1914
2063        2015 1937 1936 1958
2064        2177 2195 2218 2228
2065        2212 2241 2218 2195
2066        2265 2228 2218 2241
2067        1557 1532 1516 1531
2068        1504 1485 1516 1532
2069        1486 1531 1516 1485
2070        1474 1507 1501 1480
2071        1535 1518 1501 1507
2072        1493 1480 1501 1518
2073        2240 2223 2215 2217
2074        2204 2203 2215 2223
2075        2197 2217 2215 2203
2076        1663 1635 1621 1632
2077        1612 1594 1621 1635
2078        1584 1632 1621 1594
2079        1626 1611 1575 1568
2080        1584 1545 1575 1611
2081        1515 1568 1575 1545
2082        1644 1591 1597 1630
2083        1561 1579 1597 1591
2084        1614 1630 1597 1579
2085        2283 2295 2291 2278
2086        2310 2296 2291 2295
2087        2265 2278 2291 2296
2088        2306 2304 2309 2316
2089        2303 2307 2309 2304
2090        2321 2316 2309 2307
2091        1871 1912 1891 1865
2092        1956 1908 1891 1912
2093        1868 1865 1891 1908
2094        2284 2297 2302 2299
2095        2306 2311 2302 2297
2096        2310 2299 2302 2311
2097        2186 2174 2199 2208
2098        2167 2206 2199 2174
2099        2224 2208 2199 2206
2100        1856 1875 1848 1821
2101        1890 1839 1848 1875
2102        1809 1821 1848 1839
2103        2272 2248 2253 2266
2104        2224 2238 2253 2248
2105        2249 2266 2253 2238
2106        1362 1363 1381 1387
2107        1369 1392 1381 1363
2108        1408 1387 1381 1392
2109        1330 1340 1354 1346
2110        1362 1364 1354 1340
2111        1360 1346 1354 1364
2112        1189 1202 1194 1180
2113        1222 1198 1194 1202
2114        1177 1180 1194 1198
2115        1268 1289 1297 1295
2116        1302 1312 1297 1289
2117        1320 1295 1297 1312
2118        1320 1312 1311 1317
2119        1302 1307 1311 1312
2120        1309 1317 1311 1307
2121        1055 1074 1076 1066
2122        1097 1087 1076 1074
2123        1080 1066 1076 1087
2124        1251 1265 1296 1306
2125        1288 1315 1296 1265
2126        1337 1306 1296 1315
2127        1187 1219 1193 1164
2128        1251 1199 1193 1219
2129        1137 1164 1193 1199
2130        1031 1007 1013 1025
2131        988 998 1013 1007
2132        1015 1025 1013 998
2133        1049 1070 1086 1084
2134        1090 1113 1086 1070
2135        1137 1084 1086 1113
2136        1540 1490 1499 1527
2137        1455 1481 1499 1490
2138        1506 1527 1499 1481
2139        2023 1943 1953 2005
2140        1883 1920 1953 1943
2141        1981 2005 1953 1920
2142        1554 1609 1602 1565
2143        1666 1655 1602 1609
2144        1600 1565 1602 1655
2145        1337 1395 1399 1368
2146        1431 1429 1399 1395
2147        1412 1368 1399 1429
2148        1171 1129 1116 1130
2149        1089 1088 1116 1129
2150        1101 1130 1116 1088
2151        1883 1835 1812 1827
2152        1795 1777 1812 1835
2153        1753 1827 1812 1777
2154        2146 2143 2187 2209
2155        2140 2202 2187 2143
2156        2249 2209 2187 2202
2157        1608 1589 1650 1681
2158        1577 1665 1650 1589
2159        1753 1681 1650 1665
2160        2140 2121 2192 2202
2161        2107 2196 2192 2121
2162        2249 2202 2192 2196
2163        1577 1509 1529 1592
2164        1466 1508 1529 1509
2165        1593 1592 1529 1508
2166        2107 2010 2036 2106
2167        1873 1993 2036 2010
2168        2115 2106 2036 1993
2169        2107 2106 2170 2196
2170        2115 2207 2170 2106
2171        2249 2196 2170 2207
2172        2272 2266 2293 2298
2173        2249 2300 2293 2266
2174        2321 2298 2293 2300
2175        2205 2225 2261 2260
2176        2255 2289 2261 2225
2177        2315 2260 2261 2289
2178        1015 978 987 1014
2179        949 972 987 978
2180        1017 1014 987 972
2181        1386 1424 1378 1333
2182        1468 1373 1378 1424
2183        1246 1333 1378 1373
2184        1553 1572 1693 1738
2185        1600 1733 1693 1572
2186        1909 1738 1693 1733
2187        2336 2344 2353 2351
2188        2354 2360 2353 2344
2189        2367 2351 2353 2360
2190        1539 1658 1679 1624
2191        1786 1767 1679 1658
2192        1716 1624 1679 1767
2193        1051 1106 1143 1119
2194        1161 1201 1143 1106
2195        1246 1119 1143 1201
2196        1094 1176 1241 1185
2197        1264 1355 1241 1176
2198        1380 1185 1241 1355
2199        2115 2072 2182 2200
2200        2129 2220 2182 2072
2201        2275 2200 2182 2220
2202        1112 1035 1034 1071
2203        977 1000 1034 1035
2204        1044 1071 1034 1000
2205        904 937 924 898
2206        977 935 924 937
2207        900 898 924 935
2208        789 775 795 799
2209        762 801 795 775
2210        824 799 795 801
2211        751 731 749 763
2212        722 750 749 731
2213        784 763 749 750
2214        743 753 767 770
2215        764 774 767 753
2216        792 770 767 774
2217        639 628 653 660
2218        626 659 653 628
2219        680 660 653 659
2220        658 649 663 672
2221        639 660 663 649
2222        680 672 663 660
2223        636 647 662 664
2224        658 671 662 647
2225        681 664 662 671
2226        460 456 480 486
2227        466 492 480 456
2228        517 486 480 492
2229        357 375 363 347
2230        384 365 363 375
2231        342 347 363 365
2232        483 495 505 506
2233        504 516 505 495
2234        520 506 505 516
2235        342 332 318 319
2236        320 305 318 332
2237        297 319 318 305
2238        374 354 371 387
2239        340 366 371 354
2240        398 387 371 366
2241        552 553 569 568
2242        551 580 569 553
2243        586 568 569 580
2244        504 494 509 523
2245        481 508 509 494
2246        539 523 509 508
2247        349 377 376 356
2248        399 396 376 377
2249        379 356 376 396
2250        453 468 489 491
2251        487 507 489 468
2252        526 491 489 507
2253        472 479 497 501
2254        496 515 497 479
2255        530 501 497 515
2256        589 579 591 607
2257        575 594 591 579
2258        622 607 591 594
2259        241 245 231 220
2260        248 229 231 245
2261        209 220 231 229
2262        254 233 228 239
2263        211 215 228 233
2264        218 239 228 215
2265        526 554 555 535
2266        585 572 555 554
2267        547 535 555 572
2268        390 437 426 386
2269        474 446 426 437
2270        416 386 426 446
2271        174 160 153 152
2272        150 142 153 160
2273        138 152 153 142
2274        542 540 592 616
2275        544 608 592 540
2276        679 616 592 608
2277        631 634 652 654
2278        641 667 652 634
2279        687 654 652 667
2280        150 161 149 139
2281        167 148 149 161
2282        131 139 149 148
2283        681 704 690 668
2284        720 693 690 704
2285        651 668 690 693
2286        119 136 128 115
2287        147 134 128 136
2288        117 115 128 134
2289        633 675 674 642
2290        707 701 674 675
2291        678 642 674 701
2292        748 723 733 757
2293        682 724 733 723
2294        765 757 733 724
2295        98 111 94 81
2296        132 93 94 111
2297        75 81 94 93
2298        40 53 51 45
2299        66 58 51 53
2300        50 45 51 58
2301        26 25 17 16
2302        23 15 17 25
2303        9 16 17 15
2304        830 832 843 842
2305        836 855 843 832
2306        867 842 843 855
2307        784 783 798 809
2308        789 799 798 783
2309        824 809 798 799
2310        73 70 86 85
2311        75 93 86 70
2312        132 85 86 93
2313        46 52 41 34
2314        73 49 41 52
2315        23 34 41 49
2316        73 85 63 49
2317        132 60 63 85
2318        23 49 63 60
2319        778 735 715 730
2320        688 676 715 735
2321        708 730 715 676
2322        991 938 951 989
2323        899 933 951 938
2324        963 989 951 933
2325        769 777 803 811
2326        781 818 803 777
2327        846 811 803 818
2328        112 89 69 65
2329        79 57 69 89
2330        43 65 69 57
2331        43 29 32 44
2332        19 22 32 29
2333        54 44 32 22
2334        1617 1804 1837 1746
2335        2009 1990 1837 1804
2336        1870 1746 1837 1990
2337        9 15 8 4
2338        23 7 8 15
2339        1 4 8 7
2340        5 6 3 2
2341        9 4 3 6
2342        1 2 3 4
2343        2393 2391 2397 2398
2344        2388 2395 2397 2391
2345        2399 2398 2397 2395
2346        2393 2398 2394 2390
2347        2399 2396 2394 2398
2348        2386 2390 2394 2396
2349        685 595 338 301
2350        422 217 338 595
2351        162 301 338 217
2352        2122 1976 2216 2264
2353        1870 2230 2216 1976
2354        2332 2264 2216 2230
2355        2157 2183 2252 2280
2356        2122 2264 2252 2183
2357        2332 2280 2252 2264
2358        1005 908 914 979
2359        856 878 914 908
2360        928 979 914 878
2361        919 990 1008 974
2362        1105 1104 1008 990
2363        1063 974 1008 1104
2364        916 973 1204 1269
2365        1063 1370 1204 973
2366        1896 1269 1204 1370
2367        1613 1396 1453 1618
2368        1105 1375 1453 1396
2369        1574 1618 1453 1375
2370        1613 1854 1836 1643
2371        2157 1971 1836 1854
2372        1896 1643 1836 1971
2373        2323 2319 2346 2357
2374        2327 2358 2346 2319
2375        2386 2357 2346 2358
2376        2332 2324 2352 2366
2377        2323 2357 2352 2324
2378        2386 2366 2352 2357
2379        928 863 1009 1165
2380        812 1065 1009 863
2381        1895 1165 1009 1065