1         0.000000 0.000000 0.000000
2         1.830051 1.395873 0.000000
3         1.682732 2.949824 0.000000
4         0.883381 3.582518 0.000000
5         3.569169 2.762234 0.000000
6         2.951219 4.090513 0.000000
7         0.000000 5.109237 0.000000
8         0.462698 5.322523 0.000000
9         1.388094 6.057726 0.000000
10         6.306495 1.400158 0.000000
11         6.473932 0.000000 0.000000
12         5.926236 2.800317 0.000000
13         4.973734 4.538200 0.000000
14         4.058951 6.208691 0.000000
15         0.785836 7.443655 0.000000
16         1.892956 8.041792 0.000000
17         1.292567 8.484432 0.000000
18         7.079539 5.066222 0.000000
19         8.058801 3.701318 0.000000
20         3.944747 8.045678 0.000000
21         6.487790 6.333768 0.000000
22         9.669836 2.111651 0.000000
23         0.000000 9.909842 0.000000
24         5.936034 8.043093 0.000000
25         1.198908 9.967850 0.000000
26         2.612922 9.746776 0.000000
27         4.181799 9.459389 0.000000
28         8.410326 6.210585 0.000000
29         9.561080 4.834534 0.000000
30         5.351687 9.370550 0.000000
31         7.425021 7.866029 0.000000
32         10.520853 3.374931 0.000000
33         6.719740 9.110071 0.000000
34         1.004338 11.285480 0.000000
35         3.543733 10.972121 0.000000
36         2.203246 11.343488 0.000000
37         4.817842 10.674551 0.000000
38         5.947108 10.208237 0.000000
39         9.347557 7.742846 0.000000
40         8.362252 9.398289 0.000000
41         0.994715 12.687893 0.000000
42         2.887821 12.428962 0.000000
43         11.254341 6.051303 0.000000
44         12.356950 3.305265 0.000000
45         7.570794 10.322924 0.000000
46         2.008676 12.661118 0.000000
47         4.540922 12.123672 0.000000
48         5.654117 11.823692 0.000000
49         0.573835 13.186263 0.000000
50         6.983098 11.427293 0.000000
51         8.466775 10.714792 0.000000
52         1.723781 13.606412 0.000000
53         9.404407 9.996100 0.000000
54         13.799152 0.000000 0.000000
55         10.453985 9.018144 0.000000
56         2.710401 13.699481 0.000000
57         11.590054 8.136979 0.000000
58         8.564046 11.373139 0.000000
59         3.830339 13.762828 0.000000
60         0.000000 14.394437 0.000000
61         5.394772 13.372913 0.000000
62         6.274607 13.069252 0.000000
63         0.325156 14.654596 0.000000
64         7.412767 12.768169 0.000000
65         13.502354 6.429055 0.000000
66         10.335371 10.849874 0.000000
67         4.871720 14.177513 0.000000
68         8.470940 12.500598 0.000000
69         12.973732 7.842843 0.000000
70         2.399661 14.999720 0.000000
71         5.911739 14.106804 0.000000
72         11.473921 10.196652 0.000000
73         0.975469 15.492719 0.000000
74         6.640979 14.055093 0.000000
75         3.039866 15.252080 0.000000
76         15.018066 4.622390 0.000000
77         5.644495 14.705749 0.000000
78         10.287274 11.977428 0.000000
79         12.612471 9.543431 0.000000
80         4.252842 15.290825 0.000000
81         2.804561 15.673056 0.000000
82         7.790823 14.069663 0.000000
83         11.344553 11.408239 0.000000
84         8.933350 13.498327 0.000000
85         0.725100 16.223858 0.000000
86         1.599774 16.186889 0.000000
87         6.586747 14.974654 0.000000
88         5.180045 15.542841 0.000000
89         13.831830 8.868846 0.000000
90         12.520226 10.814688 0.000000
91         10.196914 13.028430 0.000000
92         3.747802 16.157699 0.000000
93         1.911926 16.533974 0.000000
94         1.869707 16.635780 0.000000
95         11.232802 12.551179 0.000000
96         7.347203 15.171258 0.000000
97         6.120734 15.777062 0.000000
98         1.785269 16.839391 0.000000
99         4.702111 16.397729 0.000000
100         9.274724 14.394618 0.000000
101         8.513859 14.923653 0.000000
102         13.852826 10.224452 0.000000
103         12.271055 12.082633 0.000000
104         10.186781 13.994857 0.000000
105         2.985682 17.114533 0.000000
106         6.962247 15.991783 0.000000
107         5.699092 16.580686 0.000000
108         11.076424 13.608861 0.000000
109         8.048995 15.648933 0.000000
110         17.466383 2.960758 0.000000
111         0.892634 17.700309 0.000000
112         15.888292 7.864658 0.000000
113         4.153777 17.288508 0.000000
114         13.481095 11.637566 0.000000
115         9.468573 15.158798 0.000000
116         12.049696 13.201398 0.000000
117         8.955563 15.570062 0.000000
118         6.588976 16.720452 0.000000
119         10.171469 14.859630 0.000000
120         7.750091 16.322986 0.000000
121         2.391151 17.976893 0.000000
122         5.240542 17.384809 0.000000
123         10.931440 14.532431 0.000000
124         15.265907 10.075689 0.000000
125         17.149364 6.407353 0.000000
126         8.686902 16.150663 0.000000
127         13.116693 12.863237 0.000000
128         9.684564 15.661680 0.000000
129         11.770154 14.225969 0.000000
130         7.372500 16.932294 0.000000
131         6.294988 17.379944 0.000000
132         0.000000 18.561227 0.000000
133         3.651076 18.202679 0.000000
134         9.426946 16.020960 0.000000
135         14.719347 11.355051 0.000000
136         10.141341 15.697095 0.000000
137         10.805406 15.378025 0.000000
138         8.448690 16.817446 0.000000
139         7.090395 17.497174 0.000000
140         12.671602 14.016822 0.000000
141         4.705328 18.353259 0.000000
142         7.927949 17.265785 0.000000
143         2.035213 18.890052 0.000000
144         9.315275 16.576558 0.000000
145         11.549989 15.120544 0.000000
146         14.264377 12.597164 0.000000
147         10.068360 16.211185 0.000000
148         6.609037 18.033302 0.000000
149         6.997097 17.927208 0.000000
150         7.635869 17.699231 0.000000
151         10.679145 16.074475 0.000000
152         8.544275 17.305072 0.000000
153         8.229105 17.462289 0.000000
154         5.508552 18.572079 0.000000
155         12.339047 14.933944 0.000000
156         3.411266 19.099123 0.000000
157         9.243152 17.148512 0.000000
158         11.285350 15.944237 0.000000
159         13.809406 13.839277 0.000000
160         8.215091 17.816009 0.000000
161         7.310041 18.217955 0.000000
162         19.019814 4.994495 0.000000
163         10.027813 16.977648 0.000000
164         4.421143 19.253470 0.000000
165         11.944967 15.803752 0.000000
166         10.557463 16.764454 0.000000
167         7.040424 18.543499 0.000000
168         16.603161 10.858597 0.000000
169         13.268118 14.781663 0.000000
170         7.831742 18.302611 0.000000
171         11.098595 16.592838 0.000000
172         6.007700 19.060881 0.000000
173         9.352964 17.693497 0.000000
174         8.667645 18.040925 0.000000
175         17.606353 9.563237 0.000000
176         5.092315 19.435103 0.000000
177         9.972743 17.504227 0.000000
178         7.530865 18.691363 0.000000
179         11.671324 16.453934 0.000000
180         12.726829 15.724050 0.000000
181         10.426104 17.338294 0.000000
182         2.432899 20.099680 0.000000
183         8.270971 18.485118 0.000000
184         6.695971 19.168972 0.000000
185         10.930689 17.174471 0.000000
186         3.537631 20.050291 0.000000
187         18.671286 8.147868 0.000000
188         16.018689 12.603793 0.000000
189         9.342992 18.165738 0.000000
190         9.890731 17.889894 0.000000
191         12.314060 16.343020 0.000000
192         8.005125 18.876316 0.000000
193         5.931399 19.630789 0.000000
194         11.431961 17.044983 0.000000
195         8.884285 18.562025 0.000000
196         7.235032 19.295638 0.000000
197         4.553451 20.116072 0.000000
198         10.293967 17.875768 0.000000
199         1.330977 20.605119 0.000000
200         8.556992 18.810448 0.000000
201         11.901292 16.961991 0.000000
202         10.766096 17.721771 0.000000
203         15.570389 13.707975 0.000000
204         8.344417 19.063230 0.000000
205         9.342567 18.600607 0.000000
206         6.500419 19.776089 0.000000
207         5.380209 20.132082 0.000000
208         11.271676 17.581369 0.000000
209         8.963613 18.863499 0.000000
210         7.722380 19.426852 0.000000
211         9.943251 18.486083 0.000000
212         15.030038 14.696960 0.000000
213         8.728296 19.131420 0.000000
214         11.723001 17.479815 0.000000
215         10.279221 18.366696 0.000000
216         6.990910 19.895364 0.000000
217         20.003986 6.744263 0.000000
218         10.615191 18.247309 0.000000
219         14.367880 15.471894 0.000000
220         9.315091 18.956817 0.000000
221         6.125163 20.251081 0.000000
222         8.083461 19.580375 0.000000
223         9.756963 18.842848 0.000000
224         2.823580 21.034304 0.000000
225         3.753596 20.889160 0.000000
226         8.550189 19.430394 0.000000
227         11.165647 18.078905 0.000000
228         10.317534 18.619118 0.000000
229         9.044519 19.273049 0.000000
230         4.752738 20.763785 0.000000
231         9.256482 19.196164 0.000000
232         6.691313 20.246638 0.000000
233         10.167066 18.772417 0.000000
234         7.481402 20.014638 0.000000
235         1.965985 21.288464 0.000000
236         11.544711 17.997639 0.000000
237         13.800705 16.339696 0.000000
238         8.836066 19.488715 0.000000
239         10.506315 18.718241 0.000000
240         8.332302 19.788158 0.000000
241         9.697728 19.170218 0.000000
242         5.749907 20.726072 0.000000
243         7.165089 20.286951 0.000000
244         8.696059 19.683078 0.000000
245         9.409836 19.358627 0.000000
246         13.181758 17.058326 0.000000
247         7.822506 20.097520 0.000000
248         9.121943 19.547036 0.000000
249         10.044304 19.114485 0.000000
250         10.928793 18.653880 0.000000
251         6.354711 20.700654 0.000000
252         11.314319 18.472132 0.000000
253         8.954361 19.737448 0.000000
254         10.390881 19.058752 0.000000
255         8.531947 19.961460 0.000000
256         7.612419 20.335294 0.000000
257         8.163610 20.180402 0.000000
258         12.696241 17.718594 0.000000
259         11.765557 18.359523 0.000000
260         8.841930 19.935761 0.000000
261         10.737080 18.983720 0.000000
262         6.959515 20.675235 0.000000
263         9.972021 19.403502 0.000000
264         9.409672 19.698973 0.000000
265         12.221057 18.092940 0.000000
266         9.650724 19.593730 0.000000
267         9.179728 19.824512 0.000000
268         7.945315 20.366159 0.000000
269         10.285242 19.331907 0.000000
270         8.692534 20.105568 0.000000
271         8.401498 20.236700 0.000000
272         9.017504 19.978281 0.000000
273         7.365714 20.670508 0.000000
274         10.578471 19.271397 0.000000
275         21.985807 0.000000 0.000000
276         8.596026 20.249938 0.000000
277         8.253147 20.403890 0.000000
278         8.918409 20.126317 0.000000
279         9.235588 19.986144 0.000000
280         4.658215 21.536315 0.000000
281         9.911777 19.706315 0.000000
282         7.762401 20.648883 0.000000
283         11.150289 19.051763 0.000000
284         3.837931 21.742772 0.000000
285         8.468423 20.399217 0.000000
286         9.128637 20.114898 0.000000
287         8.800231 20.275112 0.000000
288         2.796220 21.936753 0.000000
289         9.398400 20.019022 0.000000
290         10.234276 19.622989 0.000000
291         8.655737 20.370282 0.000000
292         22.028501 2.226148 0.000000
293         8.065265 20.619902 0.000000
294         10.471506 19.531400 0.000000
295         10.934739 19.291363 0.000000
296         11.533687 18.939986 0.000000
297         9.603721 20.017242 0.000000
298         9.317478 20.160808 0.000000
299         8.337172 20.596862 0.000000
300         18.340876 12.573010 0.000000
301         21.818724 4.305963 0.000000
302         9.055866 20.312417 0.000000
303         10.172830 19.818900 0.000000
304         8.891781 20.435789 0.000000
305         9.477065 20.178853 0.000000
306         8.563312 20.585993 0.000000
307         10.757221 19.537134 0.000000
308         9.857553 20.016026 0.000000
309         8.735226 20.530921 0.000000
310         10.370596 19.765803 0.000000
311         6.743587 21.286849 0.000000
312         9.267651 20.330493 0.000000
313         7.194788 21.159482 0.000000
314         11.982142 18.875382 0.000000
315         19.262672 11.381825 0.000000
316         7.558786 21.062542 0.000000
317         5.460222 21.704213 0.000000
318         9.553348 20.240561 0.000000
319         9.663769 20.200833 0.000000
320         9.413720 20.340321 0.000000
321         0.000000 22.413320 0.000000
322         17.599791 13.878669 0.000000
323         7.911862 20.972495 0.000000
324         8.192817 20.865457 0.000000
325         10.111385 20.014810 0.000000
326         10.624378 19.747529 0.000000
327         8.435277 20.786407 0.000000
328         9.853062 20.183705 0.000000
329         10.289467 19.967102 0.000000
330         9.121417 20.533256 0.000000
331         0.840399 22.455829 0.000000
332         9.528161 20.352220 0.000000
333         6.353711 21.556264 0.000000
334         8.646111 20.745980 0.000000
335         8.971917 20.614808 0.000000
336         8.814535 20.692026 0.000000
337         9.293209 20.510622 0.000000
338         21.694920 6.035299 0.000000
339         11.389062 19.434342 0.000000
340         10.487575 19.941200 0.000000
341         10.045928 20.180339 0.000000
342         9.705912 20.363975 0.000000
343         9.429108 20.500281 0.000000
344         1.680798 22.509458 0.000000
345         11.173348 19.632762 0.000000
346         10.221842 20.149995 0.000000
347         9.845001 20.337622 0.000000
348         16.964313 14.928342 0.000000
349         8.541655 20.935083 0.000000
350         11.687997 19.360668 0.000000
351         12.662358 18.743735 0.000000
352         13.934214 17.821671 0.000000
353         9.597522 20.501485 0.000000
354         10.397879 20.128876 0.000000
355         8.726491 20.909181 0.000000
356         8.333821 21.068864 0.000000
357         9.980471 20.345868 0.000000
358         9.201515 20.720202 0.000000
359         8.901001 20.866497 0.000000
360         9.059934 20.798159 0.000000
361         10.984138 19.860287 0.000000
362         9.354661 20.678459 0.000000
363         9.840559 20.456923 0.000000
364         14.926354 17.104512 0.000000
365         9.756535 20.504059 0.000000
366         10.617703 20.071824 0.000000
367         20.281619 10.217066 0.000000
368         10.805664 19.975086 0.000000
369         10.155312 20.318354 0.000000
370         16.372476 15.768693 0.000000
371         10.517434 20.160279 0.000000
372         9.507805 20.660097 0.000000
373         12.119964 19.275523 0.000000
374         10.331888 20.294303 0.000000
375         9.921951 20.511788 0.000000
376         8.450276 21.163112 0.000000
377         8.622779 21.108014 0.000000
378         9.676285 20.649379 0.000000
379         8.127183 21.309557 0.000000
380         7.762781 21.447684 0.000000
381         15.728431 16.521226 0.000000
382         11.544615 19.692174 0.000000
383         10.088885 20.484432 0.000000
384         9.826047 20.619538 0.000000
385         9.277448 20.879119 0.000000
386         7.071139 21.730995 0.000000
387         10.536719 20.280137 0.000000
388         8.817196 21.089164 0.000000
389         9.425782 20.825114 0.000000
390         7.483082 21.601045 0.000000
391         9.141618 20.967139 0.000000
392         13.491191 18.475197 0.000000
393         8.987597 21.046564 0.000000
394         10.264594 20.458650 0.000000
395         9.592794 20.807389 0.000000
396         8.420265 21.315813 0.000000
397         10.012997 20.620565 0.000000
398         10.741550 20.265970 0.000000
399         8.681990 21.244695 0.000000
400         4.760345 22.459147 0.000000
401         9.755136 20.787415 0.000000
402         5.319529 22.339161 0.000000
403         12.674517 19.149353 0.000000
404         11.396898 19.942251 0.000000
405         10.455799 20.452625 0.000000
406         10.215028 20.577006 0.000000
407         9.909394 20.746210 0.000000
408         11.859331 19.697122 0.000000
409         10.996438 20.220705 0.000000
410         8.871802 21.250770 0.000000
411         9.369338 21.044117 0.000000
412         6.113235 22.215305 0.000000
413         9.520042 20.983680 0.000000
414         9.223116 21.120702 0.000000
415         9.058588 21.212619 0.000000
416         6.798966 22.048645 0.000000
417         10.131756 20.739828 0.000000
418         9.682453 20.956931 0.000000
419         10.621288 20.498561 0.000000
420         10.374878 20.625113 0.000000
421         11.251325 20.175439 0.000000
422         21.514029 8.446690 0.000000
423         8.116236 21.653946 0.000000
424         11.710601 19.940986 0.000000
425         8.714468 21.432048 0.000000
426         7.243027 21.975830 0.000000
427         8.420546 21.552784 0.000000
428         9.843240 20.942792 0.000000
429         4.014231 22.790902 0.000000
430         7.795391 21.798294 0.000000
431         12.175718 19.695201 0.000000
432         10.289793 20.765957 0.000000
433         13.262189 19.012992 0.000000
434         10.016735 20.909104 0.000000
435         9.608865 21.118130 0.000000
436         10.515158 20.688484 0.000000
437         7.497884 21.965478 0.000000
438         9.462975 21.204380 0.000000
439         10.912459 20.502866 0.000000
440         8.929432 21.456602 0.000000
441         9.783022 21.097864 0.000000
442         9.308091 21.319435 0.000000
443         10.192340 20.919914 0.000000
444         10.753140 20.642072 0.000000
445         11.131849 20.442701 0.000000
446         7.123000 22.163222 0.000000
447         11.608332 20.184517 0.000000
448         9.135902 21.426704 0.000000
449         10.429890 20.829443 0.000000
450         11.950578 20.001901 0.000000
451         12.653558 19.565162 0.000000
452         9.938545 21.085766 0.000000
453         8.746946 21.619401 0.000000
454         10.367944 20.930723 0.000000
455         10.634577 20.800818 0.000000
456         9.720161 21.249871 0.000000
457         11.377858 20.411890 0.000000
458         10.099832 21.075511 0.000000
459         8.431215 21.809329 0.000000
460         9.567171 21.339152 0.000000
461         11.799279 20.195192 0.000000
462         3.078132 23.194397 0.000000
463         14.210300 18.607350 0.000000
464         8.120759 21.962046 0.000000
465         12.304695 19.931240 0.000000
466         9.892337 21.239963 0.000000
467         10.843150 20.772188 0.000000
468         8.954343 21.656486 0.000000
469         10.545894 20.934992 0.000000
470         10.270663 21.079299 0.000000
471         13.736497 19.005754 0.000000
472         11.049391 20.695750 0.000000
473         7.804548 22.129160 0.000000
474         7.483058 22.252768 0.000000
475         10.032860 21.233919 0.000000
476         10.428325 21.048332 0.000000
477         9.410371 21.525954 0.000000
478         13.033186 19.550787 0.000000
479         11.246122 20.641558 0.000000
480         9.770549 21.398033 0.000000
481         10.723844 20.939261 0.000000
482         11.672127 20.426453 0.000000
483         10.173383 21.227875 0.000000
484         12.116239 20.186245 0.000000
485         5.737830 22.856399 0.000000
486         9.709655 21.477069 0.000000
487         9.233489 21.700800 0.000000
488         12.733192 19.864042 0.000000
489         8.907504 21.849139 0.000000
490         6.576345 22.664458 0.000000
491         8.744511 21.923309 0.000000
492         9.912992 21.425337 0.000000
493         14.825712 18.379749 0.000000
494         10.626321 21.093787 0.000000
495         10.351090 21.238094 0.000000
496         11.502384 20.656166 0.000000
497         11.300866 20.771614 0.000000
498         8.436536 22.104122 0.000000
499         11.925383 20.439459 0.000000
500         10.069433 21.422383 0.000000
501         11.201313 20.872605 0.000000
502         12.433198 20.177297 0.000000
503         11.032021 20.984809 0.000000
504         10.528798 21.248314 0.000000
505         10.345186 21.340773 0.000000
506         10.253379 21.387002 0.000000
507         8.987783 21.964008 0.000000
508         10.864701 21.102611 0.000000
509         10.752066 21.161952 0.000000
510         13.135075 19.779460 0.000000
511         8.129658 22.308789 0.000000
512         9.534301 21.747743 0.000000
513         13.507495 19.543548 0.000000
514         11.776935 20.669945 0.000000
515         11.490681 20.840693 0.000000
516         10.431087 21.397222 0.000000
517         9.919648 21.640970 0.000000
518         12.314810 20.376934 0.000000
519         10.144216 21.569745 0.000000
520         10.320488 21.488308 0.000000
521         7.814820 22.523837 0.000000
522         7.055560 22.782885 0.000000
523         10.765176 21.289457 0.000000
524         18.696915 14.831504 0.000000
525         12.772783 20.165317 0.000000
526         8.765163 22.203557 0.000000
527         5.119622 23.336036 0.000000
528         9.334442 22.001086 0.000000
529         2.056306 23.823907 0.000000
530         11.407841 21.019520 0.000000
531         10.618555 21.444317 0.000000
532         12.051486 20.683725 0.000000
533         11.231147 21.159677 0.000000
534         7.500764 22.751290 0.000000
535         8.444295 22.436183 0.000000
536         10.462672 21.586073 0.000000
537         9.721685 21.934437 0.000000
538         11.754167 20.916479 0.000000
539         11.001554 21.330600 0.000000
540         14.402609 19.200384 0.000000
541         10.281490 21.710808 0.000000
542         13.981804 19.536310 0.000000
543         10.113243 21.794134 0.000000
544         14.752590 18.987945 0.000000
545         9.104018 22.261007 0.000000
546         12.658316 20.460468 0.000000
547         8.146514 22.645150 0.000000
548         10.815283 21.504514 0.000000
549         16.068183 17.962513 0.000000
550         13.266426 20.159463 0.000000
551         10.629011 21.678429 0.000000
552         10.250252 21.885608 0.000000
553         10.429173 21.816576 0.000000
554         8.884065 22.490725 0.000000
555         8.656437 22.580560 0.000000
556         11.712336 21.163466 0.000000
557         4.416625 23.782683 0.000000
558         9.981028 22.037728 0.000000
559         12.036718 20.991811 0.000000
560         19.758394 13.974137 0.000000
561         11.483171 21.303777 0.000000
562         13.802142 19.883211 0.000000
563         7.817678 22.908910 0.000000
564         9.465961 22.294796 0.000000
565         12.452342 20.782895 0.000000
566         13.028027 20.501241 0.000000
567         11.275402 21.516663 0.000000
568         10.207093 22.045934 0.000000
569         10.388251 21.973945 0.000000
570         18.314908 16.000605 0.000000
571         7.488841 23.172669 0.000000
572         8.627077 22.780069 0.000000
573         16.958895 17.494180 0.000000
574         9.238918 22.558204 0.000000
575         11.986913 21.273370 0.000000
576         9.918941 22.313916 0.000000
577         17.696762 16.832357 0.000000
578         11.063170 21.777607 0.000000
579         11.762630 21.409766 0.000000
580         10.451692 22.085282 0.000000
581         6.337621 23.610997 0.000000
582         12.356843 21.094677 0.000000
583         12.789628 20.843019 0.000000
584         6.982128 23.442110 0.000000
585         8.978233 22.755316 0.000000
586         10.208841 22.286454 0.000000
587         15.696099 18.837666 0.000000
588         3.562086 24.281591 0.000000
589         11.553712 21.654669 0.000000
590         10.804732 22.077056 0.000000
591         11.975532 21.491948 0.000000
592         14.897062 19.582568 0.000000
593         8.333730 23.155162 0.000000
594         12.207511 21.368655 0.000000
595         23.505025 7.391706 0.000000
596         9.654366 22.705953 0.000000
597         1.234034 24.675808 0.000000
598         20.913407 13.180094 0.000000
599         8.727125 23.139253 0.000000
600         7.977907 23.410462 0.000000
601         10.573534 22.378234 0.000000
602         9.975011 22.652486 0.000000
603         9.407459 22.921696 0.000000
604         12.679298 21.290265 0.000000
605         11.383274 22.017867 0.000000
606         13.431140 20.838530 0.000000
607         11.960039 21.719995 0.000000
608         15.375416 19.461621 0.000000
609         9.116307 23.070278 0.000000
610         13.845058 20.590253 0.000000
611         19.396326 15.498740 0.000000
612         10.315698 22.591939 0.000000
613         21.842714 11.821082 0.000000
614         5.599799 24.261307 0.000000
615         13.188590 21.148073 0.000000
616         14.898815 19.990359 0.000000
617         9.769034 22.954835 0.000000
618         14.509310 20.298413 0.000000
619         7.537956 23.790482 0.000000
620         8.461447 23.483304 0.000000
621         16.742558 18.519538 0.000000
622         12.492662 21.627260 0.000000
623         11.822423 22.112244 0.000000
624         10.040858 22.980099 0.000000
625         9.611574 23.177970 0.000000
626         11.093791 22.526946 0.000000
627         8.830400 23.529947 0.000000
628         10.722012 22.758661 0.000000
629         8.216784 23.801676 0.000000
630         2.765708 25.045706 0.000000
631         13.455531 21.314639 0.000000
632         7.046490 24.201891 0.000000
633         4.970560 24.722205 0.000000
634         13.699728 21.191939 0.000000
635         13.078060 21.596103 0.000000
636         9.352412 23.464845 0.000000
637         12.319526 22.076335 0.000000
638         19.259247 16.415152 0.000000
639         10.498276 23.026513 0.000000
640         9.921111 23.286563 0.000000
641         14.173355 21.064606 0.000000
642         4.023987 25.118972 0.000000
643         11.644196 22.639145 0.000000
644         17.837868 18.184869 0.000000
645         23.304320 10.295829 0.000000
646         6.529266 24.628994 0.000000
647         9.710736 23.583218 0.000000
648         8.784339 23.948445 0.000000
649         10.254468 23.367240 0.000000
650         20.664193 14.987181 0.000000
651         7.638587 24.376904 0.000000
652         13.738887 21.549981 0.000000
653         10.828361 23.150721 0.000000
654         13.446414 21.747561 0.000000
655         16.515085 19.546781 0.000000
656         12.963998 22.073316 0.000000
657         11.976852 22.647042 0.000000
658         10.072781 23.617649 0.000000
659         11.067318 23.172764 0.000000
660         10.701995 23.361847 0.000000
661         14.977271 20.881389 0.000000
662         9.711703 23.836599 0.000000
663         10.498628 23.507727 0.000000
664         9.493972 23.941829 0.000000
665         5.775694 25.103944 0.000000
666         7.105461 24.863059 0.000000
667         14.061030 21.703716 0.000000
668         8.726163 24.369045 0.000000
669         12.745016 22.588282 0.000000
670         18.852650 17.820323 0.000000
671         9.930400 23.984749 0.000000
672         10.539419 23.794095 0.000000
673         11.687889 23.276488 0.000000
674         4.467526 25.687112 0.000000
675         5.086412 25.605985 0.000000
676         22.748513 12.834126 0.000000
677         17.540966 19.353979 0.000000
678         3.496221 25.906299 0.000000
679         16.207085 20.544147 0.000000
680         10.981625 23.758717 0.000000
681         9.639253 24.334872 0.000000
682         6.572335 25.349213 0.000000
683         20.473102 16.340940 0.000000
684         0.000000 26.220935 0.000000
685         25.513523 6.172875 0.000000
686         14.818697 21.670756 0.000000
687         13.513180 22.529522 0.000000
688         21.932059 14.475622 0.000000
689         2.081949 26.210882 0.000000
690         8.842473 24.815960 0.000000
691         12.358966 23.316009 0.000000
692         10.397402 24.261189 0.000000
693         8.410399 25.117906 0.000000
694         5.887299 25.919489 0.000000
695         13.254937 23.084357 0.000000
696         17.232966 20.351346 0.000000
697         18.584438 19.133683 0.000000
698         11.694173 23.980023 0.000000
699         15.819622 21.491507 0.000000
700         14.439428 22.453485 0.000000
701         4.196693 26.370151 0.000000
702         20.201264 17.501731 0.000000
703         7.910957 25.542658 0.000000
704         9.444416 25.035487 0.000000
705         10.901953 24.473728 0.000000
706         10.217836 24.792183 0.000000
707         5.107323 26.394118 0.000000
708         24.300830 11.762685 0.000000
709         21.814973 16.056783 0.000000
710         14.058251 23.188735 0.000000
711         12.741079 23.984977 0.000000
712         16.850940 21.328028 0.000000
713         15.367585 22.424926 0.000000
714         25.616995 9.115202 0.000000
715         23.518949 13.646657 0.000000
716         11.612418 24.601782 0.000000
717         3.036368 27.101227 0.000000
718         19.756143 18.871019 0.000000
719         10.821813 25.092062 0.000000
720         9.181444 25.746810 0.000000
721         10.015837 25.480536 0.000000
722         18.177085 20.551488 0.000000
723         6.783613 26.596838 0.000000
724         7.705449 26.383104 0.000000
725         13.601856 23.943257 0.000000
726         21.549879 17.183140 0.000000
727         14.962485 23.180154 0.000000
728         12.405612 24.663001 0.000000
729         6.053201 26.991826 0.000000
730         24.312394 13.232174 0.000000
731         17.911001 21.133397 0.000000
732         16.440171 22.335864 0.000000
733         7.498747 26.708276 0.000000
734         11.447932 25.290374 0.000000
735         23.419362 14.944507 0.000000
736         3.939815 27.508244 0.000000
737         14.388511 23.963574 0.000000
738         10.731376 25.811674 0.000000
739         13.219585 24.635744 0.000000
740         5.089473 27.513800 0.000000
741         19.376025 20.206260 0.000000
742         9.888592 26.258447 0.000000
743         12.070145 25.341025 0.000000
744         9.044071 26.576549 0.000000
745         21.104758 18.552427 0.000000
746         1.397031 28.071220 0.000000
747         16.143000 23.085567 0.000000
748         6.996354 27.341960 0.000000
749         17.708383 21.991253 0.000000
750         17.780997 21.932754 0.000000
751         17.563155 22.108250 0.000000
752         14.069703 24.616642 0.000000
753         12.825927 25.308651 0.000000
754         23.166620 16.384031 0.000000
755         28.262607 3.086438 0.000000
756         11.492361 26.022928 0.000000
757         7.794475 27.480104 0.000000
758         15.845829 23.835269 0.000000
759         6.410974 27.948938 0.000000
760         10.630557 26.647507 0.000000
761         18.876048 21.613238 0.000000
762         20.659636 19.921715 0.000000
763         17.433152 22.907607 0.000000
764         13.697356 25.330688 0.000000
765         8.838563 27.416995 0.000000
766         9.726530 27.158937 0.000000
767         12.888022 25.815072 0.000000
768         15.147199 24.596092 0.000000
769         2.627486 28.779484 0.000000
770         12.481450 26.104868 0.000000
771         22.788069 17.840031 0.000000
772         11.648490 26.774399 0.000000
773         14.537106 25.365763 0.000000
774         13.356689 26.031697 0.000000
775         19.800641 21.591759 0.000000
776         7.340745 28.375985 0.000000
777         3.593487 29.103219 0.000000
778         25.059821 15.271718 0.000000
779         27.214553 11.053536 0.000000
780         28.444083 7.719738 0.000000
781         5.253606 29.013096 0.000000
782         16.309287 24.572258 0.000000
783         18.734129 22.832854 0.000000
784         17.563713 23.749633 0.000000
785         22.388561 19.389282 0.000000
786         10.613050 27.672279 0.000000
787         9.628694 28.079897 0.000000
788         15.315426 25.437552 0.000000
789         19.466303 22.507777 0.000000
790         24.626903 16.766314 0.000000
791         8.610238 28.624142 0.000000
792         12.913761 27.033824 0.000000
793         14.326682 26.370881 0.000000
794         6.814085 29.238800 0.000000
795         20.263112 22.361198 0.000000
796         27.328432 13.000873 0.000000
797         24.114058 18.352815 0.000000
798         19.215900 23.467936 0.000000
799         19.864137 23.098719 0.000000
800         11.726667 28.130083 0.000000
801         20.763059 22.348247 0.000000
802         22.037955 21.094167 0.000000
803         3.492547 30.446462 0.000000
804         15.372287 26.546778 0.000000
805         10.570579 28.799656 0.000000
806         8.425153 29.514432 0.000000
807         9.473360 29.263859 0.000000
808         0.000000 30.826663 0.000000
809         19.056489 24.341815 0.000000
810         23.652328 20.048857 0.000000
811         2.639819 30.897691 0.000000
812         31.011691 0.000000 0.000000
813         27.039760 15.256567 0.000000
814         14.151944 27.648162 0.000000
815         16.600820 26.292149 0.000000
816         1.318656 31.118919 0.000000
817         26.167114 17.056693 0.000000
818         4.246842 31.048057 0.000000
819         17.727074 25.851056 0.000000
820         12.930231 28.609994 0.000000
821         31.014698 5.262153 0.000000
822         25.411332 18.725837 0.000000
823         6.099473 30.984037 0.000000
824         20.347107 24.158997 0.000000
825         21.782379 22.951078 0.000000
826         11.714897 29.463660 0.000000
827         10.325673 29.982790 0.000000
828         9.328836 30.368607 0.000000
829         7.952105 30.920016 0.000000
830         15.246218 28.086531 0.000000
831         24.759591 20.304425 0.000000
832         16.451248 27.559439 0.000000
833         23.436710 22.028022 0.000000
834         19.100083 25.966350 0.000000
835         14.216878 28.941733 0.000000
836         17.606944 27.393708 0.000000
837         21.659430 24.397814 0.000000
838         28.555776 15.803248 0.000000
839         29.743802 13.450841 0.000000
840         27.546485 17.648720 0.000000
841         24.384646 21.895695 0.000000
842         15.411605 28.962564 0.000000
843         16.351010 28.465369 0.000000
844         11.621744 30.703651 0.000000
845         10.232519 31.222782 0.000000
846         3.948597 32.630355 0.000000
847         13.010969 30.184521 0.000000
848         26.695679 19.257297 0.000000
849         22.992999 23.636574 0.000000
850         8.855788 31.774191 0.000000
851         5.920305 32.581286 0.000000
852         7.479056 32.325601 0.000000
853         26.138359 20.483106 0.000000
854         20.539685 26.099296 0.000000
855         16.903406 28.654788 0.000000
856         31.669243 10.297727 0.000000
857         19.077084 27.573235 0.000000
858         25.720454 21.627099 0.000000
859         21.658755 25.739767 0.000000
860         22.849481 24.741414 0.000000
861         24.405834 23.254054 0.000000
862         14.373733 30.546211 0.000000
863         33.714263 2.724950 0.000000
864         25.233810 22.711532 0.000000
865         8.137696 33.022208 0.000000
866         24.041697 24.151964 0.000000
867         15.920598 30.162830 0.000000
868         2.193789 34.059225 0.000000
869         12.927902 31.634574 0.000000
870         28.752032 18.512220 0.000000
871         9.939101 32.747938 0.000000
872         11.467662 32.277226 0.000000
873         27.686539 20.171526 0.000000
874         29.831693 16.995168 0.000000
875         26.921682 21.333186 0.000000
876         18.655043 28.856183 0.000000
877         22.825974 25.765551 0.000000
878         33.637837 7.517487 0.000000
879         26.310514 22.295818 0.000000
880         6.812026 33.882559 0.000000
881         31.114309 15.273619 0.000000
882         23.918929 25.165254 0.000000
883         4.956018 34.465316 0.000000
884         22.163843 26.980896 0.000000
885         22.883073 26.491347 0.000000
886         25.395079 24.095081 0.000000
887         20.922528 28.100376 0.000000
888         26.066364 23.579632 0.000000
889         25.038130 24.841400 0.000000
890         18.329051 30.189821 0.000000
891         23.872509 26.058230 0.000000
892         14.331683 32.338576 0.000000
893         9.403913 34.106482 0.000000
894         26.861975 23.168654 0.000000
895         20.268689 29.130343 0.000000
896         27.539579 22.413792 0.000000
897         32.856947 13.640801 0.000000
898         29.449273 19.965870 0.000000
899         12.752199 33.294171 0.000000
900         28.358490 21.625852 0.000000
901         11.264184 33.888298 0.000000
902         24.871950 25.677960 0.000000
903         23.614524 26.857133 0.000000
904         30.634175 18.542450 0.000000
905         26.094010 24.731901 0.000000
906         23.055056 27.592035 0.000000
907         8.054955 35.136209 0.000000
908         34.380476 11.249669 0.000000
909         25.777567 25.388984 0.000000
910         22.316497 28.480182 0.000000
911         26.774592 24.343263 0.000000
912         24.678871 26.493318 0.000000
913         32.024793 17.007665 0.000000
914         35.130264 9.161546 0.000000
915         20.060916 30.274379 0.000000
916         0.000000 36.324655 0.000000
917         3.507901 36.162971 0.000000
918         27.281202 24.030014 0.000000
919         6.621370 35.797685 0.000000
920         27.938543 23.408945 0.000000
921         21.670067 29.413121 0.000000
922         28.646885 22.730815 0.000000
923         24.385474 27.266485 0.000000
924         30.297858 20.510859 0.000000
925         26.524891 25.206924 0.000000
926         25.628710 26.207832 0.000000
927         15.863773 33.102365 0.000000
928         36.416835 5.449901 0.000000
929         17.714998 32.317813 0.000000
930         26.945499 25.151977 0.000000
931         26.362769 25.784586 0.000000
932         23.992464 28.029417 0.000000
933         14.161323 34.071155 0.000000
934         18.986015 31.677828 0.000000
935         30.235800 21.400624 0.000000
936         25.459525 26.950218 0.000000
937         31.267542 19.953362 0.000000
938         12.470326 34.993902 0.000000
939         11.116653 35.517829 0.000000
940         21.426806 30.440154 0.000000
941         23.541117 28.861196 0.000000
942         27.549697 25.199193 0.000000
943         26.932817 25.858528 0.000000
944         28.276590 24.440211 0.000000
945         33.710527 16.278145 0.000000
946         22.797555 29.721314 0.000000
947         26.269200 26.723034 0.000000
948         25.256038 27.686073 0.000000
949         28.935280 23.835779 0.000000
950         20.336768 31.512266 0.000000
951         13.583028 35.018530 0.000000
952         35.030304 13.675308 0.000000
953         30.166242 22.492172 0.000000
954         24.787308 28.363764 0.000000
955         27.421577 25.965912 0.000000
956         26.804972 26.616583 0.000000
957         32.736760 18.898037 0.000000
958         26.096680 27.350075 0.000000
959         22.432427 30.560680 0.000000
960         24.340111 29.095281 0.000000
961         9.382379 36.758180 0.000000
962         27.992813 25.693363 0.000000
963         15.364833 34.751787 0.000000
964         27.319945 26.493574 0.000000
965         18.672480 33.179665 0.000000
966         17.398345 33.927182 0.000000
967         25.917077 27.999934 0.000000
968         23.785239 29.841470 0.000000
969         28.643168 25.233129 0.000000
970         21.543814 31.512434 0.000000
971         19.604632 32.775725 0.000000
972         30.036136 23.628548 0.000000
973         1.810209 38.208138 0.000000
974         5.120894 37.944653 0.000000
975         26.887105 27.280054 0.000000
976         27.853937 26.319046 0.000000
977         32.120609 20.973612 0.000000
978         29.293523 24.772895 0.000000
979         37.372478 8.717481 0.000000
980         23.190954 30.583984 0.000000
981         25.560619 28.644285 0.000000
982         27.277730 27.060757 0.000000
983         26.740916 27.727114 0.000000
984         25.171903 29.300883 0.000000
985         20.756327 32.584424 0.000000
986         27.733285 26.898227 0.000000
987         29.983743 24.397122 0.000000
988         28.435929 26.187533 0.000000
989         14.117435 35.990534 0.000000
990         7.740224 37.948349 0.000000
991         12.376293 36.761656 0.000000
992         27.245289 27.610001 0.000000
993         31.580638 22.534017 0.000000
994         26.650866 28.289625 0.000000
995         24.786809 29.955519 0.000000
996         34.303553 18.329698 0.000000
997         28.268073 26.718682 0.000000
998         29.043847 25.948772 0.000000
999         22.667388 31.684299 0.000000
1000         33.330950 20.180013 0.000000
1001         27.194842 27.934205 0.000000
1002         27.685557 27.448162 0.000000
1003         26.224692 28.863352 0.000000
1004         24.327915 30.586535 0.000000
1005         37.480605 11.304850 0.000000
1006         35.661967 16.154340 0.000000
1007         28.802538 26.555683 0.000000
1008         6.366955 38.662774 0.000000
1009         39.142842 1.816634 0.000000
1010         28.125826 27.286322 0.000000
1011         18.697809 34.445457 0.000000
1012         25.859037 29.456598 0.000000
1013         29.104483 26.294605 0.000000
1014         30.507974 24.677793 0.000000
1015         29.651765 25.710010 0.000000
1016         27.639612 27.889073 0.000000
1017         31.239057 23.832583 0.000000
1018         21.816323 32.700812 0.000000
1019         27.176837 28.473598 0.000000
1020         28.625360 27.084550 0.000000
1021         25.520684 30.047451 0.000000
1022         19.930057 34.088185 0.000000
1023         28.010330 27.859292 0.000000
1024         26.828245 29.062902 0.000000
1025         29.471781 26.384563 0.000000
1026         25.118715 30.589083 0.000000
1027         27.667719 28.314636 0.000000
1028         21.013132 33.626273 0.000000
1029         23.716897 31.785244 0.000000
1030         28.503913 27.591197 0.000000
1031         29.169148 26.923833 0.000000
1032         27.948616 28.209954 0.000000
1033         26.509850 29.610325 0.000000
1034         33.773421 20.994910 0.000000
1035         33.281085 21.829123 0.000000
1036         17.316799 35.843093 0.000000
1037         27.542513 28.766623 0.000000
1038         10.617685 38.430335 0.000000
1039         28.369924 28.030912 0.000000
1040         26.192468 30.128021 0.000000
1041         29.057225 27.424433 0.000000
1042         27.908334 28.604590 0.000000
1043         32.796642 22.837701 0.000000
1044         34.693009 19.853490 0.000000
1045         27.285006 29.234629 0.000000
1046         30.944376 25.391404 0.000000
1047         30.296118 26.169288 0.000000
1048         29.961729 26.609804 0.000000
1049         25.909514 30.591632 0.000000
1050         28.260601 28.454956 0.000000
1051         22.976415 32.878837 0.000000
1052         37.802728 13.646470 0.000000
1053         27.055336 29.741890 0.000000
1054         32.316145 23.933460 0.000000
1055         27.868052 28.999226 0.000000
1056         28.951947 27.968701 0.000000
1057         29.740954 27.149500 0.000000
1058         24.734344 31.798773 0.000000
1059         28.673507 28.304524 0.000000
1060         28.183014 28.811420 0.000000
1061         31.693655 24.927609 0.000000
1062         26.756384 30.179975 0.000000
1063         4.039581 40.131639 0.000000
1064         21.988736 33.827552 0.000000
1065         40.353192 0.000000 0.000000
1066         27.713929 29.367103 0.000000
1067         28.479969 28.627463 0.000000
1068         36.073914 18.289118 0.000000
1069         29.559470 27.628838 0.000000
1070         26.463479 30.610768 0.000000
1071         34.599827 21.005559 0.000000
1072         21.085114 34.587205 0.000000
1073         25.444279 31.582864 0.000000
1074         28.210406 29.170328 0.000000
1075         16.391793 37.122386 0.000000
1076         28.001890 29.402392 0.000000
1077         20.278606 35.186052 0.000000
1078         28.455621 28.996265 0.000000
1079         28.891297 28.586055 0.000000
1080         27.584858 29.866521 0.000000
1081         28.688806 28.808434 0.000000
1082         29.105615 28.413830 0.000000
1083         29.419474 28.109519 0.000000
1084         26.031684 31.294156 0.000000
1085         27.283527 30.239973 0.000000
1086         26.423730 31.056668 0.000000
1087         28.068809 29.603975 0.000000
1088         31.380778 26.105015 0.000000
1089         30.940471 26.628566 0.000000
1090         27.017444 30.629904 0.000000
1091         30.273470 27.435525 0.000000
1092         30.606082 27.069082 0.000000
1093         29.391286 28.456452 0.000000
1094         18.988558 36.242760 0.000000
1095         29.207248 28.681855 0.000000
1096         30.021063 27.828988 0.000000
1097         28.552760 29.341429 0.000000
1098         29.078535 28.826551 0.000000
1099         28.740258 29.194880 0.000000
1100         28.923272 29.019821 0.000000
1101         31.977960 25.665241 0.000000
1102         28.025219 29.994038 0.000000
1103         32.638480 24.899731 0.000000
1104         6.278616 40.578134 0.000000
1105         8.859077 40.099014 0.000000
1106         24.282085 33.121279 0.000000
1107         29.833115 28.242376 0.000000
1108         33.266949 24.109388 0.000000
1109         27.754061 30.327551 0.000000
1110         28.396331 29.744691 0.000000
1111         33.850888 23.365807 0.000000
1112         34.433670 22.510270 0.000000
1113         26.776028 31.265080 0.000000
1114         29.418232 28.793224 0.000000
1115         27.491715 30.665183 0.000000
1116         31.665571 26.365169 0.000000
1117         28.781525 29.495408 0.000000
1118         29.282784 29.011071 0.000000
1119         23.159092 34.102330 0.000000
1120         21.913590 34.946164 0.000000
1121         28.970009 29.368613 0.000000
1122         29.139205 29.208640 0.000000
1123         29.721340 28.649939 0.000000
1124         37.986666 16.161955 0.000000
1125         30.738625 27.619942 0.000000
1126         30.424593 27.986851 0.000000
1127         31.119230 27.226526 0.000000
1128         36.244365 19.991557 0.000000
1129         31.587814 26.757021 0.000000
1130         32.028122 26.233471 0.000000
1131         30.182798 28.338230 0.000000
1132         27.236391 31.198112 0.000000
1133         28.701985 29.887767 0.000000
1134         28.465581 30.121555 0.000000
1135         29.663452 28.979443 0.000000
1136         28.215784 30.411008 0.000000
1137         26.499526 31.919859 0.000000
1138         28.975490 29.691070 0.000000
1139         29.996517 28.683295 0.000000
1140         25.942050 32.399827 0.000000
1141         29.495164 29.215869 0.000000
1142         27.934962 30.765226 0.000000
1143         23.957761 33.958618 0.000000
1144         29.366513 29.423240 0.000000
1145         29.219047 29.575523 0.000000
1146         21.110695 35.826057 0.000000
1147         29.916342 28.975109 0.000000
1148         28.970537 29.993753 0.000000
1149         28.759598 30.208151 0.000000
1150         30.448502 28.515400 0.000000
1151         29.191616 29.808006 0.000000
1152         30.734689 28.221745 0.000000
1153         27.701983 31.210253 0.000000
1154         28.548943 30.452487 0.000000
1155         30.226780 28.793282 0.000000
1156         31.135285 27.829022 0.000000
1157         32.910306 25.708957 0.000000
1158         29.375202 29.690821 0.000000
1159         29.645540 29.425877 0.000000
1160         29.789866 29.283475 0.000000
1161         25.378778 33.180038 0.000000
1162         30.080938 28.992684 0.000000
1163         15.589055 38.761530 0.000000
1164         26.930653 31.942582 0.000000
1165         41.620446 3.792133 0.000000
1166         29.542536 29.609520 0.000000
1167         28.330367 30.774460 0.000000
1168         31.524492 27.495515 0.000000
1169         29.963217 29.217035 0.000000
1170         34.163852 24.267773 0.000000
1171         32.062884 27.004829 0.000000
1172         33.633816 25.028897 0.000000
1173         36.077524 21.366697 0.000000
1174         29.221162 30.073511 0.000000
1175         34.726693 23.503102 0.000000
1176         20.161657 36.768259 0.000000
1177         29.393367 29.907828 0.000000
1178         29.036264 30.274575 0.000000
1179         30.153011 29.170070 0.000000
1180         29.536261 29.819714 0.000000
1181         28.120434 31.176098 0.000000
1182         28.867290 30.488678 0.000000
1183         30.381162 28.981750 0.000000
1184         29.778278 29.615045 0.000000
1185         18.347102 37.778747 0.000000
1186         29.887255 29.511543 0.000000
1187         27.485121 31.766341 0.000000
1188         30.613296 28.793406 0.000000
1189         29.676884 29.771761 0.000000
1190         41.340136 7.667604 0.000000
1191         30.043734 29.443775 0.000000
1192         28.686106 30.768794 0.000000
1193         27.065222 32.209856 0.000000
1194         29.623608 29.904295 0.000000
1195         30.930374 28.555708 0.000000
1196         40.743180 10.665644 0.000000
1197         32.854565 26.354926 0.000000
1198         29.596971 29.970563 0.000000
1199         26.866890 32.448036 0.000000
1200         29.442837 30.150195 0.000000
1201         24.343945 34.406667 0.000000
1202         29.734146 29.879761 0.000000
1203         30.224277 29.386124 0.000000
1204         1.206806 42.138759 0.000000
1205         29.840613 29.779352 0.000000
1206         29.292230 30.327034 0.000000
1207         29.951067 29.679948 0.000000
1208         31.291926 28.286230 0.000000
1209         37.981077 18.356185 0.000000
1210         29.141011 30.524613 0.000000
1211         28.520643 31.119449 0.000000
1212         27.945773 31.638427 0.000000
1213         26.445617 32.916546 0.000000
1214         30.445030 29.268248 0.000000
1215         30.100344 29.659960 0.000000
1216         29.999618 29.811848 0.000000
1217         28.992688 30.799250 0.000000
1218         31.738073 27.966325 0.000000
1219         27.398123 32.238950 0.000000
1220         29.927782 29.906137 0.000000
1221         30.693148 29.120764 0.000000
1222         29.798303 30.073459 0.000000
1223         29.656108 30.221242 0.000000
1224         29.531034 30.381983 0.000000
1225         30.255331 29.662403 0.000000
1226         29.385083 30.574414 0.000000
1227         28.374856 31.527326 0.000000
1228         30.161776 29.823921 0.000000
1229         31.006940 28.958200 0.000000
1230         26.044817 33.498951 0.000000
1231         28.870801 31.104917 0.000000
1232         35.930374 22.602933 0.000000
1233         30.072594 29.959890 0.000000
1234         30.487175 29.548913 0.000000
1235         32.703847 27.083416 0.000000
1236         32.139216 27.767911 0.000000
1237         27.844120 32.078349 0.000000
1238         29.955982 30.124324 0.000000
1239         29.268962 30.807025 0.000000
1240         29.852256 30.279330 0.000000
1241         19.508798 37.799364 0.000000
1242         30.323935 29.835995 0.000000
1243         29.740883 30.446559 0.000000
1244         30.725684 29.466659 0.000000
1245         31.363972 28.793865 0.000000
1246         23.309113 35.633295 0.000000
1247         29.588468 30.622354 0.000000
1248         30.205438 30.017969 0.000000
1249         28.771934 31.423920 0.000000
1250         30.100775 30.184619 0.000000
1251         27.340908 32.711581 0.000000
1252         22.173845 36.419075 0.000000
1253         28.261074 31.927506 0.000000
1254         29.482828 30.819598 0.000000
1255         29.194154 31.096842 0.000000
1256         30.522761 29.798293 0.000000
1257         34.444013 25.173286 0.000000
1258         30.023685 30.344181 0.000000
1259         33.999526 25.836449 0.000000
1260         31.032810 29.363333 0.000000
1261         30.307317 30.116792 0.000000
1262         35.019717 24.495934 0.000000
1263         30.416018 30.027239 0.000000
1264         21.038578 37.204854 0.000000
1265         27.771509 32.508513 0.000000
1266         30.212897 30.256410 0.000000
1267         31.743894 28.651568 0.000000
1268         29.981909 30.514206 0.000000
1269         0.000000 42.785380 0.000000
1270         29.788371 30.725483 0.000000
1271         29.653271 30.858822 0.000000
1272         32.627722 27.701220 0.000000
1273         30.696936 29.830292 0.000000
1274         33.549747 26.592751 0.000000
1275         30.159799 30.398568 0.000000
1276         30.583000 29.977971 0.000000
1277         28.669923 31.816379 0.000000
1278         26.930438 33.306739 0.000000
1279         29.143036 31.398616 0.000000
1280         29.493817 31.076812 0.000000
1281         30.283097 30.326180 0.000000
1282         25.360060 34.555276 0.000000
1283         30.449818 30.178198 0.000000
1284         40.740170 13.368266 0.000000
1285         30.380528 30.261121 0.000000
1286         32.128185 28.399272 0.000000
1287         31.372539 29.235341 0.000000
1288         28.202110 32.305445 0.000000
1289         30.121054 30.556892 0.000000
1290         30.253201 30.463242 0.000000
1291         30.720933 30.039156 0.000000
1292         31.043746 29.732404 0.000000
1293         30.395899 30.395330 0.000000
1294         30.553032 30.246529 0.000000
1295         30.109210 30.692308 0.000000
1296         27.814398 32.793545 0.000000
1297         30.134654 30.692095 0.000000
1298         31.725944 29.044487 0.000000
1299         33.270218 27.272688 0.000000
1300         29.927510 30.916400 0.000000
1301         28.576675 32.191427 0.000000
1302         30.185540 30.691670 0.000000
1303         29.744885 31.124101 0.000000
1304         29.085161 31.752047 0.000000
1305         29.516808 31.351327 0.000000
1306         27.620542 33.037595 0.000000
1307         30.390355 30.531381 0.000000
1308         32.486120 28.346747 0.000000
1309         30.637000 30.367407 0.000000
1310         32.074180 28.855798 0.000000
1311         30.342981 30.671118 0.000000
1312         30.195971 30.822974 0.000000
1313         31.374239 29.629605 0.000000
1314         26.636619 33.957571 0.000000
1315         28.051143 32.834527 0.000000
1316         14.301750 40.749039 0.000000
1317         30.421701 30.660843 0.000000
1318         36.223397 23.595765 0.000000
1319         33.097922 27.826196 0.000000
1320         30.206402 30.954278 0.000000
1321         31.070998 30.106387 0.000000
1322         31.713163 29.435243 0.000000
1323         29.479091 31.677488 0.000000
1324         38.132961 20.456885 0.000000
1325         30.067574 31.123709 0.000000
1326         34.681310 25.899693 0.000000
1327         27.305516 33.590737 0.000000
1328         29.048593 32.115704 0.000000
1329         35.122992 25.331863 0.000000
1330         29.836499 31.389381 0.000000
1331         34.307147 26.471622 0.000000
1332         28.494934 32.669541 0.000000
1333         24.882327 35.520950 0.000000
1334         32.937248 28.282939 0.000000
1335         37.535528 21.866739 0.000000
1336         33.982405 27.063316 0.000000
1337         27.900176 33.363610 0.000000
1338         31.040797 30.488348 0.000000
1339         32.692164 28.763485 0.000000
1340         30.112608 31.462180 0.000000
1341         31.448047 30.143771 0.000000
1342         30.342790 31.256326 0.000000
1343         32.258186 29.275513 0.000000
1344         29.520192 32.039649 0.000000
1345         30.549909 31.074531 0.000000
1346         29.900681 31.705962 0.000000
1347         33.706290 27.627483 0.000000
1348         30.834080 30.802378 0.000000
1349         26.376175 34.703885 0.000000
1350         31.834746 29.781657 0.000000
1351         29.076355 32.533904 0.000000
1352         36.066036 24.562380 0.000000
1353         28.400461 33.134625 0.000000
1354         30.076458 31.649221 0.000000
1355         20.028916 38.809600 0.000000
1356         40.500891 16.490824 0.000000
1357         33.446479 28.181841 0.000000
1358         37.427078 22.695595 0.000000
1359         33.156710 28.585985 0.000000
1360         29.932310 31.958275 0.000000
1361         27.174727 34.355618 0.000000
1362         30.402213 31.574577 0.000000
1363         30.641066 31.364882 0.000000
1364         30.216086 31.779522 0.000000
1365         32.318399 29.646825 0.000000
1366         34.893984 26.581202 0.000000
1367         35.226267 26.167791 0.000000
1368         27.793130 33.962142 0.000000
1369         30.842043 31.226429 0.000000
1370         2.948607 43.795631 0.000000
1371         29.627418 32.408775 0.000000
1372         34.565349 27.087031 0.000000
1373         24.207214 36.663034 0.000000
1374         32.843478 29.189567 0.000000
1375         12.526863 42.117550 0.000000
1376         31.163017 31.029018 0.000000
1377         29.134474 32.941598 0.000000
1378         24.887648 36.275108 0.000000
1379         34.285125 27.610017 0.000000
1380         18.499259 39.950479 0.000000
1381         30.750063 31.526585 0.000000
1382         31.621108 30.677219 0.000000
1383         6.231766 43.621672 0.000000
1384         37.194606 23.651646 0.000000
1385         31.986201 30.330928 0.000000
1386         26.041494 35.589905 0.000000
1387         30.646698 31.721856 0.000000
1388         32.372900 29.968815 0.000000
1389         30.111034 32.255808 0.000000
1390         36.094201 25.387744 0.000000
1391         30.435871 31.989509 0.000000
1392         30.930736 31.522389 0.000000
1393         34.033784 28.148462 0.000000
1394         40.348575 18.077712 0.000000
1395         28.494309 33.833181 0.000000
1396         9.301235 43.270669 0.000000
1397         32.890359 29.626067 0.000000
1398         33.801576 28.599341 0.000000
1399         28.214200 34.141976 0.000000
1400         29.813216 32.804619 0.000000
1401         23.249586 37.771291 0.000000
1402         35.392846 26.744172 0.000000
1403         28.963610 33.602762 0.000000
1404         26.929908 35.261628 0.000000
1405         31.354838 31.410045 0.000000
1406         35.111884 27.147143 0.000000
1407         33.533203 29.093201 0.000000
1408         30.968057 31.849993 0.000000
1409         34.852539 27.561720 0.000000
1410         38.204468 22.692459 0.000000
1411         36.926828 24.770078 0.000000
1412         27.752630 34.752244 0.000000
1413         32.123723 30.769558 0.000000
1414         32.475913 30.424723 0.000000
1415         32.821580 30.068783 0.000000
1416         30.769667 32.200850 0.000000
1417         34.589461 28.060913 0.000000
1418         29.537517 33.380394 0.000000
1419         38.910718 21.776248 0.000000
1420         43.427167 10.276976 0.000000
1421         37.991487 23.462086 0.000000
1422         31.803970 31.344917 0.000000
1423         30.455927 32.666912 0.000000
1424         25.573405 36.641339 0.000000
1425         34.346701 28.588939 0.000000
1426         33.494455 29.624472 0.000000
1427         40.112412 19.818227 0.000000
1428         36.054300 26.527999 0.000000
1429         28.356815 34.648822 0.000000
1430         31.463218 31.876177 0.000000
1431         28.899249 34.224377 0.000000
1432         30.079536 33.196711 0.000000
1433         34.181849 28.959682 0.000000
1434         35.382004 27.546776 0.000000
1435         35.559426 27.320553 0.000000
1436         22.338689 38.910889 0.000000
1437         31.193633 32.279197 0.000000
1438         35.158920 27.921641 0.000000
1439         33.270260 30.168752 0.000000
1440         37.784829 24.282819 0.000000
1441         32.972198 30.529704 0.000000
1442         34.032632 29.363659 0.000000
1443         34.925941 28.382131 0.000000
1444         36.922234 25.747951 0.000000
1445         29.426085 34.070251 0.000000
1446         32.750285 30.906137 0.000000
1447         32.303162 31.374217 0.000000
1448         36.025792 27.019181 0.000000
1449         30.641764 33.074699 0.000000
1450         31.057307 32.692211 0.000000
1451         26.691253 36.367411 0.000000
1452         33.944936 29.721350 0.000000
1453         11.800093 43.549366 0.000000
1454         27.646182 35.658871 0.000000
1455         31.958379 31.902362 0.000000
1456         34.675584 28.953957 0.000000
1457         30.008175 33.823437 0.000000
1458         37.599547 25.128900 0.000000
1459         35.935861 27.469300 0.000000
1460         35.697786 27.797768 0.000000
1461         31.688794 32.305381 0.000000
1462         34.546489 29.286788 0.000000
1463         33.392335 30.619205 0.000000
1464         33.720742 30.265630 0.000000
1465         35.479060 28.188398 0.000000
1466         39.198045 22.734974 0.000000
1467         38.780058 23.490439 0.000000
1468         25.010215 37.826792 0.000000
1469         31.419209 32.708401 0.000000
1470         30.490404 33.597964 0.000000
1471         40.107399 21.220673 0.000000
1472         35.295256 28.561862 0.000000
1473         32.824328 31.403893 0.000000
1474         34.455274 29.623010 0.000000
1475         30.826209 33.405929 0.000000
1476         16.688083 42.281864 0.000000
1477         31.160458 33.114336 0.000000
1478         33.272101 30.994087 0.000000
1479         38.548616 24.175800 0.000000
1480         34.282147 29.936722 0.000000
1481         32.476942 31.928520 0.000000
1482         28.561180 35.476693 0.000000
1483         35.202763 28.929045 0.000000
1484         29.101644 35.122205 0.000000
1485         36.558238 27.277790 0.000000
1486         36.882334 26.888206 0.000000
1487         35.817210 28.363115 0.000000
1488         37.584373 25.977859 0.000000
1489         33.789051 30.759239 0.000000
1490         32.238930 32.381700 0.000000
1491         43.913882 12.670126 0.000000
1492         36.080231 28.057385 0.000000
1493         34.171224 30.362508 0.000000
1494         35.673753 28.597708 0.000000
1495         38.353675 24.888643 0.000000
1496         33.596286 31.021968 0.000000
1497         35.056351 29.368428 0.000000
1498         34.872416 29.610461 0.000000
1499         32.491121 32.239359 0.000000
1500         29.861238 34.691128 0.000000
1501         34.557156 30.040018 0.000000
1502         31.969345 32.784720 0.000000
1503         35.534326 28.910054 0.000000
1504         36.460440 27.739699 0.000000
1505         33.349501 31.429038 0.000000
1506         32.894366 31.906180 0.000000
1507         34.750122 29.878773 0.000000
1508         39.944097 22.481205 0.000000
1509         39.479185 23.349002 0.000000
1510         26.307471 37.585559 0.000000
1511         31.711208 33.179961 0.000000
1512         35.368499 29.252269 0.000000
1513         30.578696 34.245140 0.000000
1514         21.240274 40.705418 0.000000
1515         38.195153 25.554398 0.000000
1516         36.864388 27.464074 0.000000
1517         31.044622 33.910685 0.000000
1518         34.606715 30.281460 0.000000
1519         36.028790 28.580616 0.000000
1520         31.452457 33.585896 0.000000
1521         33.730860 31.310786 0.000000
1522         34.008981 31.026102 0.000000
1523         39.259139 24.073700 0.000000
1524         45.507283 7.107562 0.000000
1525         35.684998 29.123747 0.000000
1526         35.866397 28.903342 0.000000
1527         32.757493 32.407858 0.000000
1528         36.345488 28.328957 0.000000
1529         39.954902 22.990364 0.000000
1530         24.319728 39.173960 0.000000
1531         37.159162 27.329410 0.000000
1532         36.855415 27.752008 0.000000
1533         35.133378 29.907677 0.000000
1534         34.387613 30.772346 0.000000
1535         34.974746 30.147587 0.000000
1536         35.353801 29.716522 0.000000
1537         33.439942 31.858961 0.000000
1538         37.636518 26.805207 0.000000
1539         27.722807 36.991992 0.000000
1540         32.719079 32.671503 0.000000
1541         39.041915 24.775372 0.000000
1542         36.704474 28.129838 0.000000
1543         42.799922 17.645614 0.000000
1544         35.644994 29.576669 0.000000
1545         38.179194 26.229379 0.000000
1546         36.314122 28.784433 0.000000
1547         34.789279 30.612335 0.000000
1548         32.393458 33.145838 0.000000
1549         36.134699 29.061754 0.000000
1550         36.554597 28.552426 0.000000
1551         33.907209 31.692270 0.000000
1552         43.619938 15.904261 0.000000
1553         29.304040 36.020033 0.000000
1554         32.003207 33.651522 0.000000
1555         37.639537 27.201046 0.000000
1556         37.003319 28.072553 0.000000
1557         37.250389 27.764316 0.000000
1558         28.751638 36.509197 0.000000
1559         35.970772 29.429324 0.000000
1560         38.865622 25.500696 0.000000
1561         34.580968 31.088440 0.000000
1562         34.295993 31.437039 0.000000
1563         36.848490 28.412573 0.000000
1564         36.646495 28.686187 0.000000
1565         31.658199 34.125332 0.000000
1566         35.389207 30.242017 0.000000
1567         36.536803 28.863872 0.000000
1568         38.648195 25.970670 0.000000
1569         42.345579 19.371105 0.000000
1570         35.210873 30.480815 0.000000
1571         33.534605 32.341761 0.000000
1572         30.307347 35.397994 0.000000
1573         36.400808 29.098777 0.000000
1574         15.146532 44.072779 0.000000
1575         38.501035 26.263023 0.000000
1576         35.623765 30.059123 0.000000
1577         39.976512 24.008682 0.000000
1578         41.519957 21.263931 0.000000
1579         34.955520 30.920653 0.000000
1580         36.848083 28.642264 0.000000
1581         37.642556 27.596885 0.000000
1582         36.260871 29.398844 0.000000
1583         25.888184 38.847947 0.000000
1584         38.257994 26.755028 0.000000
1585         37.104387 28.362429 0.000000
1586         37.348864 28.045916 0.000000
1587         35.897091 29.919338 0.000000
1588         36.777430 28.870788 0.000000
1589         39.735398 24.679985 0.000000
1590         36.644710 29.141832 0.000000
1591         34.782117 31.349053 0.000000
1592         40.605874 23.318167 0.000000
1593         41.058618 22.514150 0.000000
1594         38.212713 27.075830 0.000000
1595         33.486437 32.750615 0.000000
1596         37.111559 28.584205 0.000000
1597         35.003745 31.170717 0.000000
1598         20.011861 42.383981 0.000000
1599         36.580182 29.311304 0.000000
1600         31.388908 34.824010 0.000000
1601         36.201429 29.822804 0.000000
1602         32.196059 34.115113 0.000000
1603         37.675666 27.962472 0.000000
1604         34.162042 32.162294 0.000000
1605         35.613573 30.548862 0.000000
1606         34.518518 31.790135 0.000000
1607         37.017424 28.845884 0.000000
1608         39.494283 25.351288 0.000000
1609         32.592620 33.768487 0.000000
1610         33.114827 33.258462 0.000000
1611         38.675717 26.589020 0.000000
1612         38.058958 27.492644 0.000000
1613         10.313996 45.812661 0.000000
1614         35.447000 30.814043 0.000000
1615         35.855993 30.359737 0.000000
1616         37.454180 28.380385 0.000000
1617         23.638800 40.616924 0.000000
1618         13.032623 45.152917 0.000000
1619         36.461269 29.665125 0.000000
1620         39.227507 25.903560 0.000000
1621         38.371858 27.202281 0.000000
1622         36.820421 29.286458 0.000000
1623         37.355799 28.600682 0.000000
1624         27.077043 38.485539 0.000000
1625         36.965616 29.130265 0.000000
1626         38.960731 26.455832 0.000000
1627         36.120721 30.221452 0.000000
1628         37.257418 28.820980 0.000000
1629         36.721108 29.507447 0.000000
1630         35.269254 31.254141 0.000000
1631         37.703172 28.290673 0.000000
1632         38.585827 27.075706 0.000000
1633         38.008070 27.916415 0.000000
1634         37.159039 29.041295 0.000000
1635         38.362435 27.442317 0.000000
1636         36.394688 30.075662 0.000000
1637         37.595773 28.575734 0.000000
1638         37.484246 28.777469 0.000000
1639         37.354908 28.955145 0.000000
1640         35.839723 30.811008 0.000000
1641         38.825439 26.955507 0.000000
1642         37.731025 28.477700 0.000000
1643         6.398606 46.842256 0.000000
1644         35.091507 31.694238 0.000000
1645         36.973478 29.497402 0.000000
1646         36.065913 30.609510 0.000000
1647         37.121851 29.344366 0.000000
1648         36.661666 29.931407 0.000000
1649         36.862034 29.703590 0.000000
1650         40.351000 24.776199 0.000000
1651         35.717681 31.098600 0.000000
1652         38.001527 28.281634 0.000000
1653         38.345837 27.868408 0.000000
1654         37.307947 29.244735 0.000000
1655         32.429356 34.578688 0.000000
1656         37.869447 28.526358 0.000000
1657         39.172009 26.716475 0.000000
1658         28.447921 37.938940 0.000000
1659         34.841215 32.187496 0.000000
1660         36.346872 30.483598 0.000000
1661         37.737367 28.771082 0.000000
1662         39.472160 26.348497 0.000000
1663         38.755307 27.422829 0.000000
1664         37.630505 28.978317 0.000000
1665         40.788496 24.343591 0.000000
1666         33.137053 34.035309 0.000000
1667         37.505783 29.162272 0.000000
1668         37.240364 29.505060 0.000000
1669         37.105885 29.677043 0.000000
1670         35.563789 31.509681 0.000000
1671         36.594938 30.326984 0.000000
1672         36.228395 30.791987 0.000000
1673         36.991272 29.872887 0.000000
1674         36.819147 30.101494 0.000000
1675         33.852628 33.429220 0.000000
1676         39.878253 26.001991 0.000000
1677         34.576331 32.730072 0.000000
1678         37.445174 29.431089 0.000000
1679         27.905204 38.628385 0.000000
1680         36.110403 31.095565 0.000000
1681         40.435909 25.246746 0.000000
1682         39.089968 27.296309 0.000000
1683         37.349737 29.650496 0.000000
1684         35.394798 31.972013 0.000000
1685         36.489607 30.745416 0.000000
1686         37.906819 28.986799 0.000000
1687         38.495503 28.211825 0.000000
1688         37.284168 29.802278 0.000000
1689         36.024388 31.313922 0.000000
1690         38.067234 28.807559 0.000000
1691         37.789026 29.186148 0.000000
1692         41.433463 23.759471 0.000000
1693         31.205363 36.159554 0.000000
1694         37.178021 30.009422 0.000000
1695         38.871057 27.782768 0.000000
1696         25.380309 40.480833 0.000000
1697         38.234097 28.655753 0.000000
1698         37.684494 29.404728 0.000000
1699         37.029076 30.273783 0.000000
1700         39.429706 27.106063 0.000000
1701         37.589057 29.624135 0.000000
1702         35.900415 31.660805 0.000000
1703         29.907597 37.376827 0.000000
1704         36.834795 30.603308 0.000000
1705         36.478634 31.044912 0.000000
1706         35.178506 32.535538 0.000000
1707         37.503841 29.845596 0.000000
1708         39.741529 26.821883 0.000000
1709         38.538670 28.564281 0.000000
1710         43.301608 20.644481 0.000000
1711         42.581986 22.095473 0.000000
1712         37.934286 29.374748 0.000000
1713         18.559581 44.245559 0.000000
1714         38.077022 29.197314 0.000000
1715         37.413714 30.073214 0.000000
1716         26.813075 39.826162 0.000000
1717         40.504756 25.787065 0.000000
1718         40.041814 26.521115 0.000000
1719         37.828378 29.597774 0.000000
1720         36.388780 31.355254 0.000000
1721         38.258575 29.061325 0.000000
1722         42.167983 23.029717 0.000000
1723         35.752141 32.135304 0.000000
1724         37.308923 30.318794 0.000000
1725         36.815046 30.981547 0.000000
1726         39.033666 28.138998 0.000000
1727         39.349418 27.700836 0.000000
1728         34.908031 33.129405 0.000000
1729         37.732645 29.878772 0.000000
1730         36.268090 31.671021 0.000000
1731         38.472858 28.964563 0.000000
1732         37.192561 30.601496 0.000000
1733         32.109079 35.916266 0.000000
1734         38.076328 29.533610 0.000000
1735         38.215362 29.368893 0.000000
1736         37.664885 30.092486 0.000000
1737         36.722077 31.299044 0.000000
1738         31.152718 36.851353 0.000000
1739         38.002008 29.758518 0.000000
1740         34.418414 33.848462 0.000000
1741         37.607111 30.294498 0.000000
1742         38.422615 29.277913 0.000000
1743         39.687954 27.554128 0.000000
1744         36.094847 32.119214 0.000000
1745         37.126579 30.923884 0.000000
1746         22.581631 42.717203 0.000000
1747         38.315236 29.481748 0.000000
1748         38.759692 28.895810 0.000000
1749         37.933474 29.979233 0.000000
1750         33.810478 34.596619 0.000000
1751         37.499946 30.559997 0.000000
1752         36.627738 31.620321 0.000000
1753         41.393598 25.072433 0.000000
1754         47.261829 10.485667 0.000000
1755         38.266513 29.654809 0.000000
1756         35.618502 32.789184 0.000000
1757         33.028297 35.397954 0.000000
1758         44.529834 19.005939 0.000000
1759         37.745956 30.323176 0.000000
1760         40.586239 26.402058 0.000000
1761         37.865719 30.199885 0.000000
1762         39.466834 28.077886 0.000000
1763         39.182580 28.481077 0.000000
1764         40.022436 27.311857 0.000000
1765         37.051088 31.236525 0.000000
1766         38.653045 29.233632 0.000000
1767         28.190647 39.460675 0.000000
1768         38.169851 29.923454 0.000000
1769         37.432295 30.852653 0.000000
1770         45.355642 17.216778 0.000000
1771         38.563477 29.447803 0.000000
1772         37.765037 30.475146 0.000000
1773         36.547820 31.958885 0.000000
1774         40.316794 27.078281 0.000000
1775         39.075812 28.846928 0.000000
1776         38.096748 30.151994 0.000000
1777         41.283344 25.655035 0.000000
1778         36.978485 31.574369 0.000000
1779         37.360108 31.160715 0.000000
1780         38.957619 29.142161 0.000000
1781         38.477357 29.779692 0.000000
1782         38.023645 30.380533 0.000000
1783         39.508170 28.427256 0.000000
1784         37.742545 30.766017 0.000000
1785         35.428754 33.413523 0.000000
1786         29.554830 38.732963 0.000000
1787         38.839425 29.437393 0.000000
1788         38.255850 30.202886 0.000000
1789         38.371953 30.114062 0.000000
1790         36.110152 32.795855 0.000000
1791         39.913770 28.050477 0.000000
1792         39.401402 28.793108 0.000000
1793         37.300655 31.490004 0.000000
1794         40.707468 26.968759 0.000000
1795         41.123527 26.338644 0.000000
1796         36.934460 31.950625 0.000000
1797         37.705607 31.044010 0.000000
1798         38.299823 30.363545 0.000000
1799         39.286950 29.099110 0.000000
1800         38.066267 30.679674 0.000000
1801         40.264355 27.748298 0.000000
1802         38.690535 29.918357 0.000000
1803         16.920775 45.908809 0.000000
1804         24.863170 42.148553 0.000000
1805         42.336088 24.581410 0.000000
1806         39.828657 28.481565 0.000000
1807         39.164476 29.396249 0.000000
1808         38.520914 30.234964 0.000000
1809         40.528069 27.518743 0.000000
1810         37.251046 31.840185 0.000000
1811         37.618504 31.406781 0.000000
1812         41.649742 25.862752 0.000000
1813         39.726993 28.739287 0.000000
1814         35.102518 34.238607 0.000000
1815         36.625933 32.720343 0.000000
1816         39.608260 29.047196 0.000000
1817         38.395929 30.632769 0.000000
1818         46.809969 14.943173 0.000000
1819         41.095431 26.974317 0.000000
1820         39.087662 29.811956 0.000000
1821         40.831408 27.420379 0.000000
1822         38.119605 31.086564 0.000000
1823         36.966010 32.451097 0.000000
1824         37.554772 31.775146 0.000000
1825         40.196534 28.379482 0.000000
1826         39.493716 29.360827 0.000000
1827         42.021818 25.622171 0.000000
1828         36.078462 33.499382 0.000000
1829         38.681939 30.485295 0.000000
1830         37.929528 31.421122 0.000000
1831         40.061320 28.679010 0.000000
1832         38.924445 30.221379 0.000000
1833         40.460036 28.154736 0.000000
1834         39.906294 28.954854 0.000000
1835         41.674684 26.354519 0.000000
1836         8.313223 48.604220 0.000000
1837         23.963776 43.108016 0.000000
1838         39.376879 29.701511 0.000000
1839         40.715188 27.869529 0.000000
1840         44.886978 20.495889 0.000000
1841         37.328268 32.282155 0.000000
1842         45.516320 19.073919 0.000000
1843         37.817793 31.728592 0.000000
1844         31.278113 38.207818 0.000000
1845         38.491511 30.932778 0.000000
1846         44.257637 21.917858 0.000000
1847         34.527152 35.317810 0.000000
1848         40.878918 27.782082 0.000000
1849         26.450307 41.753172 0.000000
1850         43.883268 22.765365 0.000000
1851         39.839855 29.317663 0.000000
1852         14.869870 47.176860 0.000000
1853         37.617620 32.164956 0.000000
1854         12.469834 47.906331 0.000000
1855         40.391465 28.633752 0.000000
1856         41.192152 27.469971 0.000000
1857         39.313121 30.117631 0.000000
1858         39.683583 29.630287 0.000000
1859         39.095021 30.417508 0.000000
1860         42.577977 25.375826 0.000000
1861         38.389720 31.365644 0.000000
1862         41.621819 26.936025 0.000000
1863         38.564042 31.159711 0.000000
1864         40.319978 28.875593 0.000000
1865         37.101710 32.927191 0.000000
1866         39.571794 29.967550 0.000000
1867         38.886470 30.852069 0.000000
1868         36.735807 33.385478 0.000000
1869         38.231608 31.701274 0.000000
1870         21.524462 44.817483 0.000000
1871         37.478397 32.672381 0.000000
1872         33.764274 36.500242 0.000000
1873         43.516544 24.062858 0.000000
1874         40.664067 28.621635 0.000000
1875         41.143727 27.935387 0.000000
1876         40.237963 29.253079 0.000000
1877         28.454705 40.836238 0.000000
1878         40.007088 29.610223 0.000000
1879         38.086118 32.060109 0.000000
1880         38.802928 31.189819 0.000000
1881         39.505527 30.318928 0.000000
1882         36.035641 34.374668 0.000000
1883         42.303646 26.280656 0.000000
1884         39.858159 29.890887 0.000000
1885         40.589164 28.936532 0.000000
1886         41.594011 27.479305 0.000000
1887         39.343395 30.624608 0.000000
1888         38.643625 31.515027 0.000000
1889         37.885945 32.496473 0.000000
1890         40.973938 28.505489 0.000000
1891         37.332991 33.136423 0.000000
1892         39.751922 30.214912 0.000000
1893         40.561939 29.165956 0.000000
1894         40.258187 29.589554 0.000000
1895         50.000000 0.000000 0.000000
1896         0.000000 50.000000 0.000000
1897         39.228287 31.036346 0.000000
1898         40.144709 29.884298 0.000000
1899         40.837489 28.932117 0.000000
1900         42.153770 26.979427 0.000000
1901         40.474388 29.444918 0.000000
1902         38.521131 31.958442 0.000000
1903         39.117575 31.232468 0.000000
1904         40.403336 29.586171 0.000000
1905         41.529899 27.984005 0.000000
1906         39.544746 30.725651 0.000000
1907         39.709049 30.522360 0.000000
1908         37.270281 33.461160 0.000000
1909         33.001396 37.682673 0.000000
1910         40.753238 29.130350 0.000000
1911         40.008044 30.147029 0.000000
1912         37.692450 33.035720 0.000000
1913         38.292156 32.338792 0.000000
1914         39.046338 31.444465 0.000000
1915         40.668570 29.343728 0.000000
1916         39.922074 30.429419 0.000000
1917         40.576317 29.555372 0.000000
1918         39.459178 31.035891 0.000000
1919         30.378390 39.979548 0.000000
1920         42.938698 26.031841 0.000000
1921         36.721823 34.256277 0.000000
1922         40.480339 29.732057 0.000000
1923         39.359023 31.216886 0.000000
1924         40.384361 29.908742 0.000000
1925         35.854633 35.233074 0.000000
1926         39.961790 30.500128 0.000000
1927         40.860287 29.292976 0.000000
1928         39.872432 30.628442 0.000000
1929         39.743570 30.798048 0.000000
1930         39.285713 31.397518 0.000000
1931         42.070458 27.580621 0.000000
1932         40.126834 30.343690 0.000000
1933         40.726386 29.541149 0.000000
1934         41.500435 28.443524 0.000000
1935         40.295262 30.138629 0.000000
1936         39.137285 31.633533 0.000000
1937         39.022275 31.778915 0.000000
1938         41.034793 29.155964 0.000000
1939         47.282845 17.272387 0.000000
1940         39.650085 31.026749 0.000000
1941         38.121895 32.893559 0.000000
1942         43.576777 25.250099 0.000000
1943         42.719293 26.677643 0.000000
1944         40.683696 29.725369 0.000000
1945         39.572471 31.202355 0.000000
1946         40.123693 30.505032 0.000000
1947         40.315844 30.308409 0.000000
1948         39.485739 31.383169 0.000000
1949         40.477626 30.100683 0.000000
1950         41.272192 29.017996 0.000000
1951         40.641004 29.902288 0.000000
1952         41.959971 28.032334 0.000000
1953         43.012384 26.418247 0.000000
1954         40.075319 30.693234 0.000000
1955         39.926012 30.887361 0.000000
1956         37.836515 33.440518 0.000000
1957         39.825119 31.070700 0.000000
1958         39.351133 31.671749 0.000000
1959         40.976961 29.540128 0.000000
1960         45.062698 22.830577 0.000000
1961         38.855747 32.305303 0.000000
1962         40.315284 30.475631 0.000000
1963         40.860882 29.762127 0.000000
1964         38.558191 32.692253 0.000000
1965         39.745704 31.242764 0.000000
1966         41.853419 28.360819 0.000000
1967         42.571466 27.281259 0.000000
1968         40.791658 29.896043 0.000000
1969         39.685764 31.368820 0.000000
1970         40.525998 30.275687 0.000000
1971         7.680774 50.000000 0.000000
1972         46.281177 20.427825 0.000000
1973         45.651836 21.849795 0.000000
1974         40.704882 30.079674 0.000000
1975         40.288859 30.639435 0.000000
1976         20.417160 46.332344 0.000000
1977         40.060039 30.987462 0.000000
1978         39.580609 31.613143 0.000000
1979         40.177854 30.851100 0.000000
1980         37.382295 34.195574 0.000000
1981         43.524414 25.957869 0.000000
1982         41.206256 29.513438 0.000000
1983         39.971892 31.169018 0.000000
1984         40.526896 30.449576 0.000000
1985         41.084157 29.709347 0.000000
1986         41.644485 28.923784 0.000000
1987         40.873233 30.023885 0.000000
1988         40.991215 29.886967 0.000000
1989         39.885556 31.352709 0.000000
1990         24.446868 44.458404 0.000000
1991         50.000000 8.693270 0.000000
1992         40.746645 30.254057 0.000000
1993         44.797022 23.860050 0.000000
1994         42.449256 27.827443 0.000000
1995         41.200883 29.645280 0.000000
1996         40.350249 30.799095 0.000000
1997         35.208330 36.567880 0.000000
1998         32.201127 39.245522 0.000000
1999         39.799115 31.534132 0.000000
2000         40.513871 30.617432 0.000000
2001         36.733549 35.069387 0.000000
2002         40.260662 30.975792 0.000000
2003         40.194389 31.110505 0.000000
2004         40.729059 30.429270 0.000000
2005         43.379162 26.545258 0.000000
2006         40.116856 31.265203 0.000000
2007         41.462097 29.477008 0.000000
2008         34.395125 37.488650 0.000000
2009         26.087539 43.680182 0.000000
2010         44.354849 24.926138 0.000000
2011         38.416464 33.364591 0.000000
2012         41.191354 29.878567 0.000000
2013         41.312235 29.713055 0.000000
2014         40.027223 31.428389 0.000000
2015         39.506097 32.084418 0.000000
2016         39.744219 31.791060 0.000000
2017         40.409743 30.965773 0.000000
2018         42.319100 28.302359 0.000000
2019         40.688413 30.603390 0.000000
2020         40.551959 30.784583 0.000000
2021         41.098557 30.056049 0.000000
2022         39.905198 31.623492 0.000000
2023         43.133113 27.100452 0.000000
2024         41.005760 30.233531 0.000000
2025         40.364925 31.131157 0.000000
2026         40.922594 30.414045 0.000000
2027         40.291920 31.293886 0.000000
2028         40.836010 30.592096 0.000000
2029         39.198670 32.665734 0.000000
2030         38.851573 33.081240 0.000000
2031         40.570325 30.956904 0.000000
2032         42.177513 28.736696 0.000000
2033         28.799475 42.151559 0.000000
2034         40.201284 31.472153 0.000000
2035         40.747993 30.770298 0.000000
2036         44.727201 24.633682 0.000000
2037         41.298650 30.047668 0.000000
2038         44.150813 25.680030 0.000000
2039         40.089157 31.663558 0.000000
2040         42.963546 27.640524 0.000000
2041         41.218049 30.204505 0.000000
2042         40.540523 31.132254 0.000000
2043         39.984969 31.843188 0.000000
2044         36.122189 36.170433 0.000000
2045         38.087954 34.106039 0.000000
2046         41.130916 30.372622 0.000000
2047         41.900225 29.307254 0.000000
2048         41.458810 29.948083 0.000000
2049         41.034875 30.550895 0.000000
2050         40.918490 30.713185 0.000000
2051         40.484615 31.307032 0.000000
2052         39.891107 32.069733 0.000000
2053         33.726905 38.502500 0.000000
2054         40.778411 30.945365 0.000000
2055         41.619579 29.833300 0.000000
2056         40.394367 31.483264 0.000000
2057         42.805936 28.157499 0.000000
2058         40.303499 31.661865 0.000000
2059         41.408406 30.211319 0.000000
2060         43.975259 26.349629 0.000000
2061         40.736647 31.136454 0.000000
2062         41.344071 30.341680 0.000000
2063         40.215251 31.843619 0.000000
2064         41.271767 30.486096 0.000000
2065         40.661623 31.327033 0.000000
2066         41.176716 30.679991 0.000000
2067         40.139135 32.029662 0.000000
2068         40.576587 31.509275 0.000000
2069         37.638515 34.970976 0.000000
2070         43.753056 26.947368 0.000000
2071         42.665310 28.645180 0.000000
2072         46.120730 22.682675 0.000000
2073         41.058680 30.917804 0.000000
2074         41.604776 30.198310 0.000000
2075         40.497409 31.676788 0.000000
2076         41.520069 30.374200 0.000000
2077         40.928595 31.171300 0.000000
2078         40.425110 31.833354 0.000000
2079         43.470451 27.538384 0.000000
2080         42.019257 29.705910 0.000000
2081         39.865532 32.540274 0.000000
2082         41.435363 30.550089 0.000000
2083         38.697072 33.954331 0.000000
2084         40.837161 31.372641 0.000000
2085         40.338789 32.014057 0.000000
2086         41.344473 30.727891 0.000000
2087         40.079638 32.365503 0.000000
2088         42.501608 29.112574 0.000000
2089         40.752949 31.550016 0.000000
2090         41.803987 30.180199 0.000000
2091         40.672958 31.719928 0.000000
2092         43.304387 28.042007 0.000000
2093         41.718347 30.360421 0.000000
2094         41.314495 30.908076 0.000000
2095         40.271746 32.258402 0.000000
2096         40.595065 31.886117 0.000000
2097         41.081895 31.258301 0.000000
2098         41.633089 30.540990 0.000000
2099         41.206346 31.126818 0.000000
2100         37.109189 35.917225 0.000000
2101         40.538442 31.998453 0.000000
2102         39.232966 33.602380 0.000000
2103         39.629153 33.145650 0.000000
2104         41.542199 30.718791 0.000000
2105         40.986071 31.462582 0.000000
2106         45.234797 24.977880 0.000000
2107         44.911182 25.574737 0.000000
2108         41.451309 30.896592 0.000000
2109         31.264216 41.178867 0.000000
2110         40.901780 31.641542 0.000000
2111         40.454822 32.213606 0.000000
2112         43.145634 28.516851 0.000000
2113         35.850852 37.280970 0.000000
2114         42.069935 30.112159 0.000000
2115         45.881645 23.913082 0.000000
2116         42.379304 29.681526 0.000000
2117         48.140589 19.002863 0.000000
2118         40.816441 31.825077 0.000000
2119         41.281289 31.241150 0.000000
2120         41.405628 31.088243 0.000000
2121         44.648373 26.245748 0.000000
2122         19.107117 48.140037 0.000000
2123         40.618585 32.137341 0.000000
2124         40.732578 32.017093 0.000000
2125         41.196455 31.422522 0.000000
2126         41.863790 30.539507 0.000000
2127         40.421925 32.428528 0.000000
2128         42.971099 28.987377 0.000000
2129         47.046035 21.781731 0.000000
2130         42.007297 30.396806 0.000000
2131         41.772850 30.722745 0.000000
2132         41.111621 31.603895 0.000000
2133         38.435933 34.833734 0.000000
2134         41.681944 30.902358 0.000000
2135         41.051726 31.749283 0.000000
2136         42.336264 30.044466 0.000000
2137         50.000000 13.982086 0.000000
2138         41.595316 31.074765 0.000000
2139         40.583448 32.399455 0.000000
2140         44.472755 26.813248 0.000000
2141         40.411245 32.627106 0.000000
2142         40.937745 31.967187 0.000000
2143         44.139359 27.407693 0.000000
2144         41.510306 31.247044 0.000000
2145         42.800855 29.479168 0.000000
2146         43.805963 28.002138 0.000000
2147         41.427266 31.419954 0.000000
2148         42.246676 30.310832 0.000000
2149         40.854155 32.182352 0.000000
2150         40.748499 32.320213 0.000000
2151         42.115117 30.557034 0.000000
2152         41.342432 31.601327 0.000000
2153         42.042231 30.708275 0.000000
2154         42.660087 29.863155 0.000000
2155         41.912578 30.908124 0.000000
2156         41.255755 31.784507 0.000000
2157         14.625672 50.000000 0.000000
2158         43.636616 28.468660 0.000000
2159         41.825951 31.080531 0.000000
2160         41.168817 31.966153 0.000000
2161         42.498902 30.193212 0.000000
2162         41.739324 31.252938 0.000000
2163         33.124141 40.283227 0.000000
2164         40.708548 32.635471 0.000000
2165         36.699647 37.090484 0.000000
2166         41.656283 31.425848 0.000000
2167         43.480789 28.870042 0.000000
2168         38.002284 35.785208 0.000000
2169         42.342797 30.557922 0.000000
2170         45.419157 25.790019 0.000000
2171         35.644578 38.184546 0.000000
2172         39.129278 34.607439 0.000000
2173         41.568934 31.645095 0.000000
2174         43.272596 29.308309 0.000000
2175         41.471200 31.806340 0.000000
2176         41.073522 32.342569 0.000000
2177         40.488173 33.089473 0.000000
2178         41.399889 31.965119 0.000000
2179         42.004122 31.170054 0.000000
2180         40.947053 32.549217 0.000000
2181         42.277439 30.828436 0.000000
2182         47.432203 22.110803 0.000000
2183         16.716662 49.616308 0.000000
2184         42.126161 31.092711 0.000000
2185         42.013488 31.288478 0.000000
2186         43.100102 29.845763 0.000000
2187         44.506531 27.707706 0.000000
2188         39.745840 34.198724 0.000000
2189         40.187030 33.683825 0.000000
2190         41.650721 31.885173 0.000000
2191         41.966853 31.473930 0.000000
2192         44.994873 26.985273 0.000000
2193         41.805822 31.746865 0.000000
2194         42.934604 30.207485 0.000000
2195         40.900644 32.958308 0.000000
2196         45.190220 26.787133 0.000000
2197         42.752580 30.554396 0.000000
2198         41.292889 32.502786 0.000000
2199         43.538574 29.428411 0.000000
2200         47.625288 22.275339 0.000000
2201         41.675140 32.102315 0.000000
2202         44.843310 27.505095 0.000000
2203         42.556522 30.951749 0.000000
2204         42.343652 31.256988 0.000000
2205         37.563003 36.871648 0.000000
2206         43.868310 29.186350 0.000000
2207         45.871443 25.961817 0.000000
2208         43.574226 29.675025 0.000000
2209         44.536897 28.210223 0.000000
2210         42.243675 31.604057 0.000000
2211         38.899200 35.658031 0.000000
2212         41.287785 32.869899 0.000000
2213         41.606585 32.539123 0.000000
2214         42.027281 32.037793 0.000000
2215         42.764200 31.052724 0.000000
2216         22.232269 48.016700 0.000000
2217         42.966067 30.904535 0.000000
2218         41.151859 33.282141 0.000000
2219         43.225646 30.566627 0.000000
2220         48.523018 21.206459 0.000000
2221         43.474497 30.258206 0.000000
2222         44.419046 28.877518 0.000000
2223         42.770009 31.301888 0.000000
2224         44.048350 29.504288 0.000000
2225         38.371056 36.601336 0.000000
2226         35.319428 39.586369 0.000000
2227         50.000000 17.849164 0.000000
2228         41.076414 33.637851 0.000000
2229         42.650031 31.637640 0.000000
2230         23.944577 47.408741 0.000000
2231         26.211694 46.227933 0.000000
2232         43.873531 30.041573 0.000000
2233         39.692217 35.389576 0.000000
2234         28.237608 45.069644 0.000000
2235         41.823761 32.889539 0.000000
2236         42.244457 32.388208 0.000000
2237         42.529395 32.023342 0.000000
2238         44.640459 29.059295 0.000000
2239         40.846682 34.228775 0.000000
2240         43.179555 31.254675 0.000000
2241         41.596684 33.353028 0.000000
2242         43.439133 30.916767 0.000000
2243         43.690328 30.568366 0.000000
2244         30.476407 43.757971 0.000000
2245         37.273514 38.226071 0.000000
2246         40.434084 34.901251 0.000000
2247         43.057045 31.621273 0.000000
2248         44.304068 29.907273 0.000000
2249         45.416048 28.253532 0.000000
2250         42.693045 32.370008 0.000000
2251         42.990366 31.992554 0.000000
2252         19.932672 49.744206 0.000000
2253         44.678391 29.601843 0.000000
2254         42.461633 32.738624 0.000000
2255         39.298442 36.532665 0.000000
2256         43.621639 31.249391 0.000000
2257         43.874433 30.913173 0.000000
2258         44.157355 30.530124 0.000000
2259         42.128690 33.279556 0.000000
2260         38.072119 37.877548 0.000000
2261         38.605763 37.358584 0.000000
2262         43.470844 31.626640 0.000000
2263         32.666186 42.781403 0.000000
2264         21.834321 49.248381 0.000000
2265         41.818401 33.980517 0.000000
2266         44.970043 29.713756 0.000000
2267         43.123431 32.348618 0.000000
2268         43.423787 31.969250 0.000000
2269         42.874896 32.719864 0.000000
2270         44.279606 30.956410 0.000000
2271         44.003459 31.356112 0.000000
2272         44.615999 30.481389 0.000000
2273         47.625288 25.563644 0.000000
2274         42.687770 33.158926 0.000000
2275         50.000000 20.631187 0.000000
2276         43.821377 31.716320 0.000000
2277         43.698476 31.951532 0.000000
2278         42.429187 33.654087 0.000000
2279         40.254894 36.237615 0.000000
2280         20.848482 50.000000 0.000000
2281         43.535463 32.306274 0.000000
2282         41.685809 34.669134 0.000000
2283         42.728583 33.435799 0.000000
2284         43.327996 32.719841 0.000000
2285         43.116165 33.137578 0.000000
2286         44.310478 31.536548 0.000000
2287         34.670461 41.968646 0.000000
2288         44.616771 31.191709 0.000000
2289         39.374112 37.596867 0.000000
2290         43.890736 32.218700 0.000000
2291         42.752332 33.721000 0.000000
2292         44.112730 31.930994 0.000000
2293         45.169737 30.518260 0.000000
2294         37.472664 39.619290 0.000000
2295         43.065172 33.494453 0.000000
2296         42.715560 34.015375 0.000000
2297         43.769096 32.694652 0.000000
2298         44.981224 31.111224 0.000000
2299         43.544560 33.116231 0.000000
2300         45.446606 30.536696 0.000000
2301         41.451473 35.780951 0.000000
2302         43.779718 32.973554 0.000000
2303         44.617543 31.902029 0.000000
2304         44.433789 32.295114 0.000000
2305         42.626679 34.686295 0.000000
2306         44.250035 32.688200 0.000000
2307         44.873204 31.892912 0.000000
2308         40.577445 37.247267 0.000000
2309         44.736113 32.224372 0.000000
2310         43.663607 33.683434 0.000000
2311         44.123789 33.156084 0.000000
2312         36.628853 41.342283 0.000000
2313         50.000000 23.599339 0.000000
2314         47.685411 28.013825 0.000000
2315         39.306015 38.944807 0.000000
2316         44.886212 32.470869 0.000000
2317         43.527090 34.475937 0.000000
2318         42.639391 35.569648 0.000000
2319         32.268420 45.207944 0.000000
2320         42.081951 36.590833 0.000000
2321         45.522389 32.253538 0.000000
2322         44.801796 33.279148 0.000000
2323         30.678022 46.644855 0.000000
2324         28.709812 47.938602 0.000000
2325         40.735301 38.279116 0.000000
2326         43.253217 35.420515 0.000000
2327         34.273144 44.274773 0.000000
2328         47.218350 30.165092 0.000000
2329         44.717380 34.087428 0.000000
2330         43.226790 36.390752 0.000000
2331         45.666776 33.308756 0.000000
2332         26.364691 50.000000 0.000000
2333         36.262662 43.467671 0.000000
2334         44.478729 35.064712 0.000000
2335         38.738152 41.364740 0.000000
2336         42.712429 37.400716 0.000000
2337         46.971806 31.924232 0.000000
2338         50.000000 27.207796 0.000000
2339         37.869476 42.649669 0.000000
2340         45.627115 34.274873 0.000000
2341         44.228106 36.206213 0.000000
2342         48.790566 30.254002 0.000000
2343         46.800367 33.262341 0.000000
2344         43.957712 37.196314 0.000000
2345         45.442342 35.489271 0.000000
2346         34.082884 46.805296 0.000000
2347         46.630331 34.403405 0.000000
2348         48.346119 32.015957 0.000000
2349         42.129392 39.862090 0.000000
2350         40.875877 41.351214 0.000000
2351         43.347364 38.778892 0.000000
2352         31.584842 48.881618 0.000000
2353         44.085333 38.037780 0.000000
2354         45.202994 36.991911 0.000000
2355         47.929302 33.425792 0.000000
2356         46.413784 35.504554 0.000000
2357         33.514390 48.082942 0.000000
2358         35.977641 46.402142 0.000000
2359         49.590512 31.697208 0.000000
2360         44.950923 38.138135 0.000000
2361         47.646458 34.723485 0.000000
2362         46.204691 36.634088 0.000000
2363         38.257049 45.032239 0.000000
2364         50.000000 31.558277 0.000000
2365         47.326141 35.680819 0.000000
2366         31.914547 50.000000 0.000000
2367         44.422025 39.342997 0.000000
2368         40.728782 43.178962 0.000000
2369         48.889131 33.915990 0.000000
2370         46.968550 36.554017 0.000000
2371         49.206441 33.595063 0.000000
2372         46.090305 37.883798 0.000000
2373         43.559024 41.039138 0.000000
2374         48.700058 35.383925 0.000000
2375         47.374818 37.347144 0.000000
2376         42.241901 43.097471 0.000000
2377         48.025916 36.541664 0.000000
2378         45.830789 39.415824 0.000000
2379         47.405293 38.758440 0.000000
2380         45.413012 41.382092 0.000000
2381         40.915303 45.962933 0.000000
2382         48.702647 37.754768 0.000000
2383         50.000000 36.751095 0.000000
2384         44.564904 43.526353 0.000000
2385         47.073805 41.294422 0.000000
2386         37.711812 50.000000 0.000000
2387         43.813976 45.724304 0.000000
2388         46.569833 43.984066 0.000000
2389         48.555497 41.793511 0.000000
2390         43.379951 47.820060 0.000000
2391         46.395745 45.587870 0.000000
2392         50.000000 42.875993 0.000000
2393         46.403962 47.004245 0.000000
2394         44.705258 49.001415 0.000000
2395         48.244878 45.527621 0.000000
2396         43.745155 50.000000 0.000000
2397         47.740219 46.389437 0.000000
2398         48.201981 48.502122 0.000000
2399         50.000000 50.000000 0.000000