     1   1.84693002
     2   1.84693002
     3   1.84693002
     4   1.84693002
     5   1.84693002
     6   1.84693002
     7   1.84693002
     8   1.84693002
     9   1.84693002
    10   1.84693002
    11   1.84693002
    12   1.84693002
    13   1.84693002
    14   1.84693002
    15   1.84693002
    16   1.84693002
    17   1.84693002
    18   1.84693002
    19   1.84693002
    20   1.84693002
    21   1.84693002
    22   1.84693002
    23   1.84693002
    24   1.84693002
    25   1.84693002
    26   1.84693002
    27   1.84693002
    28   1.84693002
    29   1.84693002
    30   1.84693002
    31   1.84693002
    32   1.84693002
    33   1.84693002
    34   1.84693002
    35   1.84693002
    36   1.84693002
    37   1.84693002
    38   1.84693002
    39   1.84693002
    40   1.84693002
    41   1.84693002
    42   1.84693002
    43   1.84693002
    44   1.84693002
    45   1.84693002
    46   1.84693002
    47   1.84693002
    48   1.84693002
    49   1.84693002
    50   1.84693002
    51   1.84693002
    52   1.84693002
    53   1.52691189
    54   1.84693002
    55   1.84693002
    56   1.84693002
    57   1.84693002
    58   1.55800147
    59   1.84693002
    60   1.84693002
    61   1.84693002
    62   1.53344399
    63   1.84693002
    64   1.84693002
    65   1.84693002
    66   1.84693002
    67   0.41744175
    68   0.46758689
    69   1.84693002
    70   1.84693002
    71   1.83111174
    72   1.84693002
    73   1.84693002
    74   1.84693002
    75   1.84693002
    76   1.84693002
    77   1.84693002
    78   1.84693002
    79   0.80753181
    80   1.16237332
    81   1.84693002
    82   1.84693002
    83   1.84693002
    84   1.84693002
    85   1.84693002
    86   1.84693002
    87   1.55915160
    88   1.84693002
    89   0.19543412
    90   1.84693002
    91   0.51716250
    92   1.43202182
    93   1.84693002
    94   0.47858700
    95   1.10493277
    96   1.84693002
    97   1.84693002
    98   1.84693002
    99   1.84693002
   100   0.79008586
   101   1.84693002
   102   1.84693002
   103   0.52914417
   104   1.84693002
   105   1.84693002
   106   1.73780676
   107   1.84693002
   108   0.93841619
   109   0.22764771
   110   0.18705942
   111   1.84693002
   112   1.84693002
   113   1.84693002
   114   1.84693002
   115   1.84693002
   116   0.25341609
   117   1.11226587
   118   1.84693002
   119   0.40214428
   120   1.00015043
   121   1.84693002
   122   0.32593853
   123   1.14922959
   124   0.66936394
   125   1.84693002
   126   1.84693002
   127   1.84693002
   128   1.84693002
   129   1.84693002
   130   0.68301051
   131   0.31478977
   132   0.32508000
   133   1.84693002
   134   1.84693002
   135   1.26889278
   136   0.55102903
   137   1.84693002
   138   1.84693002
   139   0.53602323
   140   1.84693002
   141   0.42353687
   142   1.84693002
   143   0.19402086
   144   1.84693002
   145   1.66526503
   146   0.34441587
   147   1.84693002
   148   1.84693002
   149   1.84693002
   150   1.84693002
   151   1.84693002
   152   1.84693002
   153   1.84693002
   154   1.84693002
   155   1.02759771
   156   1.84693002
   157   1.84693002
   158   1.84693002
   159   1.84693002
   160   1.84693002
   161   1.84693002
   162   1.84693002
   163   1.84693002
   164   1.11525458
   165   1.84693002
