1        19 22 40 35
2        19 35 34 24
3        19 24 13 10
4        19 10 7 22
5        50 44 34 35
6        50 35 40 57
7        50 57 78 66
8        50 66 62 44
9        97 93 127 112
10        97 112 107 99
11        97 99 87 86
12        97 86 78 93
13        119 100 95 117
14        119 117 139 132
15        119 132 131 116
16        119 116 103 100
17        79 80 95 100
18        79 100 103 91
19        79 91 67 58
20        79 58 62 80
21        110 116 131 122
22        110 122 109 89
23        110 89 67 91
24        110 91 103 116
25        136 122 131 141
26        136 141 155 145
27        136 145 135 124
28        136 124 109 122
29        68 89 109 94
30        68 94 76 55
31        68 55 45 53
32        68 53 67 89
33        43 44 62 58
34        43 58 67 53
35        43 53 45 36
36        43 36 34 44
37        106 94 109 124
38        106 124 135 115
39        106 115 96 88
40        106 88 76 94
41        60 47 45 55
42        60 55 76 88
43        60 88 96 69
44        60 69 52 47
45        28 36 45 32
46        28 32 26 18
47        28 18 13 24
48        28 24 34 36
49        37 32 45 47
50        37 47 52 42
51        37 42 30 27
52        37 27 26 32
53        16 12 13 18
54        16 18 26 27
55        16 27 30 17
56        16 17 11 12
57        6 3 7 10
58        6 10 13 12
59        6 12 11 4
60        6 4 1 3
61        137 125 96 115
62        137 115 135 144
63        137 144 152 149
64        137 149 140 125
65        14 17 30 25
66        14 25 23 15
67        14 15 8 9
68        14 9 11 17
69        111 125 140 134
70        111 134 128 101
71        111 101 70 85
72        111 85 96 125
73        148 142 128 134
74        148 134 140 151
75        148 151 158 154
76        148 154 156 142
77        46 49 39 33
78        46 33 30 48
79        46 48 70 64
80        46 64 59 49
81        51 54 41 38
82        51 38 39 49
83        51 49 59 61
84        51 61 63 54
85        90 77 59 64
86        90 64 70 101
87        90 101 128 114
88        90 114 104 77
89        133 121 104 114
90        133 114 128 142
91        133 142 156 147
92        133 147 138 121
93        98 121 138 113
94        98 113 102 81
95        98 81 59 77
96        98 77 104 121
97        108 120 139 117
98        108 117 95 92
99        108 92 87 99
100        108 99 107 120
101        31 25 30 33
102        31 33 39 38
103        31 38 41 29
104        31 29 23 25
105        157 151 140 149
106        157 149 152 160
107        157 160 165 162
108        157 162 158 151
109        82 61 59 81
110        82 81 102 105
111        82 105 126 84
112        82 84 63 61
113        56 69 96 85
114        56 85 70 48
115        56 48 30 42
116        56 42 52 69
117        1 4 5 2
118        11 9 5 4
119        8 2 5 9
120        78 57 74 93
121        40 71 74 57
122        127 93 74 71
123        107 112 123 120
124        127 130 123 112
125        139 120 123 130
126        87 92 83 75
127        95 80 83 92
128        62 75 83 80
129        78 86 73 66
130        87 75 73 86
131        62 66 73 75
132        131 132 143 141
133        139 146 143 132
134        155 141 143 146
135        8 15 20 21
136        23 29 20 15
137        41 21 20 29
138        152 144 150 153
139        135 145 150 144
140        155 153 150 145
141        41 54 65 72
142        63 84 65 54
143        126 72 65 84
144        102 113 118 105
145        138 129 118 113
146        126 105 118 129
147        156 154 161 163
148        158 162 161 154
149        165 163 161 162
150        152 153 159 160
151        155 164 159 153
152        165 160 159 164